0 ~ME Models Interlocking Track End
0 Name: s\ME_Rail_End.dat
0 Author: Ronald Vallenduuk [Duq]
0 !LDRAW_ORG Unofficial_Subpart
0 !LICENSE Redistributable under CCAL version 2.0 : see CAreadme.txt

0 BFC CERTIFY CCW

4 16 10 0 6 4 0 6 0 0 10 10 0 10
4 16 4 0 6 4 0 -6 0 0 -10 0 0 10
4 16 4 0 -6 30 0 -6 30 0 -10 0 0 -10
2 24 10 0 10 10 0 6
2 24 30 0 -6 30 0 -10
1 16 15 -4 -10 0 0 15 4 0 0 0 1 0 rect3.dat
0 BFC INVERTNEXT
1 16 17 -2.5 0 0 0 -13 2.5 0 0 0 -6 0 box2-5.dat
1 16 7 -2.5 6 0 0 3 2.5 0 0 0 1 0 rect3.dat
1 16 5 -4 10 0 0 5 -4 0 0 0 -1 0 rect3.dat
4 16 4 -5 -6 4 -5 6 10 -5 6 10 -5 0
4 16 30 -5 0 30 -5 -6 4 -5 -6 10 -5 0
2 24 30 -5 -6 30 -5 0
2 24 30 -5 0 10 -5 0
2 24 10 -5 0 10 -5 6
0 // Top
0 BFC INVERTNEXT
1 16 5 -12 6.667 5 0 0 0 0 4 0 -3.333 0 box2-9.dat
4 16 10 -16 0 10 -16 3.334 0 -16 3.334 0 -16 -3.334
2 24 0 -16 3.334 10 -16 3.334
2 24 10 -16 3.334 10 -16 0
4 16 10 -16 0 0 -16 -3.334 30 -16 -3.334 30 -16 0
2 24 10 -16 0 30 -16 0
2 24 30 -16 0 30 -16 -3.334
2 24 30 -16 -3.334 0 -16 -3.334
0 BFC INVERTNEXT
1 16 15 -12 -6.667 15 0 0 0 4 0 0 0 3.333 box2-9.dat
4 16 30 0 -10 30 0 -6 30 -5 -6 30 -8 -10
4 16 30 -8 -10 30 -5 -6 30 -5 0 30 -8 -3.334
4 16 30 -8 -3.334 30 -5 0 30 -16 0 30 -16 -3.334
1 16 20 -10.5 0 0 0 10 -5.5 0 0 0 -1 0 rect2p.dat
4 16 10 -8 10 10 -5 6 10 0 6 10 0 10
4 16 10 -8 3.334 10 -5 0 10 -5 6 10 -8 10
4 16 10 -16 3.334 10 -16 0 10 -5 0 10 -8 3.334
