0 Train Track 6 Studs Wide Connector 2x8
0 Name: ME_Connector_2x8.dat
0 Author: Ronald Vallenduuk [Duq]
0 !LDRAW_ORG Unofficial_Part
0 !LICENSE Redistributable under CCAL version 2.0 : see CAreadme.txt

0 BFC CERTIFY CCW

0 // Inside
0 BFC INVERTNEXT
1 16 4 5.5 -51.677 0 1 0 2.5 0 0 0 0 24.323 rect.dat
4 16 4 8 -27.354 6.01 8 -26.01 6.01 3 -26.01 4 3 -27.354
2 24 6.01 3 -26.01 4 3 -27.354
2 24 4 8 -27.354 6.01 8 -26.01
5 24 6.01 8 -26.01 6.01 3 -26.01 4 3 -27.354 7.853 3 -23.253
1 16 0 3 -20 6.01 0 6.01 0 5 0 -6.01 0 6.01 1-4cylo.dat
5 24 6.01 8 -13.99 6.01 3 -13.99 4 3 -12.646 7.853 3 -16.747
4 16 4 3 -12.646 6.01 3 -13.99 6.01 8 -13.99 4 8 -12.646
2 24 6.01 8 -13.99 4 8 -12.646
2 24 4 3 -12.646 6.01 3 -13.99
1 16 4 5.5 0.177 0 -1 0 -2.5 0 0 0 0 12.823 rect.dat
1 16 5.5 5.5 14.5 -1.5 -0.75 0 0 0 2.5 -1.5 0.75 0 rect2p.dat
1 16 7 5.5 20 0 -1 0 0 0 -2.5 4 0 0 rect.dat
1 16 5.5 5.5 25.5 1.5 -0.75 0 0 0 2.5 -1.5 -0.75 0 rect2p.dat
3 16 4 3 27 4 8 27 4 3 44
4 16 4 3 44 4 8 27 4 8 76 4 3 56
3 16 4 3 56 4 8 76 4 3 76
2 24 4 3 27 4 3 44
2 24 4 3 27 4 8 27
2 24 4 8 27 4 8 76
2 24 4 8 76 4 3 76
2 24 4 3 76 4 3 56
0 1 16 4 6 33 0 -1 0 -2 0 0 0 0 -6 rect3.dat
0 BFC INVERTNEXT
1 16 10 5.5 66 0 0 6 2.5 0 0 0 10 0 box2-7.dat
0 BFC INVERTNEXT
1 16 16 5.5 50 0 40 0 0 0 -2.5 -6 0 0 box4-2p.dat
1 16 16 5.5 0 0 1 0 0 0 -2.5 -44 0 0 rect2p.dat
0 BFC INVERTNEXT
1 16 16 5.5 -50 0 40 0 0 0 -2.5 -6 0 0 box4-2p.dat
0 BFC INVERTNEXT
1 16 10 5.5 -66 0 0 6 2.5 0 0 0 -10 0 box2-7.dat

3 16 4 3 76 10 3 56 4 3 56
4 16 16 3 76 16 3 56 10 3 56 4 3 76
4 16 10 3 56 16 3 56 16 3 44 10 3 44
4 16 16 3 44 7 3 24 4 3 27 10 3 44
3 16 10 3 44 4 3 27 4 3 44
4 16 16 3 44 12.021 3 -20 7 3 16 7 3 24
3 16 7 3 16 12.021 3 -20 6.01 3 -13.99
4 16 7 3 16 6.01 3 -13.99 4 3 -12.646 4 3 13
1 16 0 3 -20 6.01 0 6.010 0 -1 0 -6.010 0 6.010 1-4ndis.dat
3 16 16 3 44 16 3 -44 12.021 3 -20
3 16 16 3 -44 6.01 3 -26.01 12.021 3 -20
3 16 16 3 -44 4 3 -27.354 6.01 3 -26.01
4 16 16 3 -44 16 3 -56 4 3 -76 4 3 -27.354
3 16 4 3 -76 16 3 -56 16 3 -76

0 // Bottom
4 16 0 8 80 20 8 80 16 8 76 4 8 76
4 16 20 8 80 20 8 60 16 8 56 16 8 76
4 16 20 8 60 60 8 60 56 8 56 16 8 56
4 16 60 8 60 60 8 40 56 8 44 56 8 56
4 16 60 8 40 20 8 40 16 8 44 56 8 44
4 16 20 8 40 20 8 -40 16 8 -44 16 8 44
4 16 20 8 -40 60 8 -40 56 8 -44 16 8 -44
4 16 60 8 -40 60 8 -60 56 8 -56 56 8 -44
4 16 60 8 -60 20 8 -60 16 8 -56 56 8 -56
4 16 20 8 -60 20 8 -80 16 8 -76 16 8 -56
4 16 20 8 -80 0 8 -80 4 8 -76 16 8 -76
4 16 0 8 -80 0 8 -30 4 8 -27.354 4 8 -76
1 16 -1.913 8 -26.056 0 0 -1.436 0 -1 0 1.436 0 0 3-8chrd.dat
4 16 -2.929 8 -27.071 -1.913 8 -24.619 0 8 -25 0 8 -30
4 16 0 8 -30 0 8 -25 1.913 8 -24.619 4 8 -27.354
4 16 6.01 8 -13.99 3.536 8 -16.465 1.913 8 -15.381 4 8 -12.646
4 16 7.853 8 -16.747 4.619 8 -18.087 3.536 8 -16.465 6.01 8 -13.99
4 16 8.5 8 -20 5 8 -20 4.619 8 -18.087 7.853 8 -16.747
4 16 7.853 8 -23.253 4.619 8 -21.913 5 8 -20 8.5 8 -20
4 16 6.01 8 -26.01 3.536 8 -23.536 4.619 8 -21.913 7.853 8 -23.253
4 16 4 8 -27.354 1.913 8 -24.619 3.536 8 -23.536 6.01 8 -26.01
4 16 4 8 -12.646 1.913 8 -15.381 0 8 -15 0 8 -10
4 16 0 8 -10 0 8 -15 -1.913 8 -15.381 -2.929 8 -12.929
1 16 -1.913 8 -13.944 -1.015 0 -1.015 0 -1 0 1.015 0 -1.015 3-8chrd.dat
4 16 4 8 -12.646 0 8 -10 0 8 10 4 8 13
4 16 4 8 13 0 8 10 4 8 14 7 8 16
3 16 7 8 16 4 8 14 4 8 16
4 16 7 8 16 4 8 16 3.536 8 16.465 4.619 8 18.087
3 16 7 8 16 4.619 8 18.087 5 8 20
3 16 5 8 20 7 8 24 7 8 16
1 16 0 8 20 2.5 0 0 0 -1 0 0 0 2.5 4-4ring1.dat
3 16 7 8 24 5 8 20 4.619 8 21.913
4 16 7 8 24 4.619 8 21.913 3.536 8 23.536 4 8 24
3 16 7 8 24 4 8 24 4 8 26
4 16 4 8 26 0 8 30 4 8 27 7 8 24
4 16 0 8 30 0 8 80 4 8 76 4 8 27

0 // Outside
4 16 0 0 56 0 0 80 0 8 80 0 3 56
4 16 0 3 56 0 8 80 0 8 30 0 3 44
4 16 0 3 44 0 8 30 0 0 30 0 0 44
2 24 0 8 80 0 0 80
2 24 0 0 80 0 0 56
2 24 0 0 56 0 3 56
2 24 0 3 44 0 0 44
2 24 0 0 44 0 0 30
2 24 0 0 30 0 8 30
2 24 0 8 30 0 8 80
0 // Connectors
1 16 2 4 28 2 1 0 0 0 -4 -2 0 0 rect2p.dat
0 BFC INVERTNEXT
1 16 3.768 4 24.768 0 0 0.232 -4 0 0 0 -1 0.232 box2-5.dat
0 BFC INVERTNEXT
1 16 0 0 20 2.5 0 0 0 8 0 0 0 2.5 4-4cylo.dat
1 16 0 0 20 3.536 0 -3.536 0 8 0 3.536 0 3.536 3-4cylo.dat
0 BFC INVERTNEXT
1 16 3.768 4 15.232 0 0 0.232 4 0 0 0 1 -0.232 box2-5.dat
1 16 2 4 2 0 -2 0 4 0 0 0 -2 10 box2-7.dat
2 24 0 0 -10 0 8 -10
4 16 -2.929 0 -12.929 0 0 -10 0 8 -10 -2.929 8 -12.929
2 24 0 8 -10 -2.929 8 -12.929
2 24 0 0 -10 -2.929 0 -12.929
1 16 -1.913 0 -13.944 -1.015 0 -1.015 0 8 0 1.015 0 -1.015 3-8cylo.dat
5 24 -1.913 8 -15.381 -1.913 0 -15.381 -2.463 0 -15.271 0 0 -15
0 BFC INVERTNEXT
1 16 0 0 -20 -1.913 0 4.619 0 8 0 -4.619 0 -1.913 5-8cylo.dat
5 24 -1.913 0 -24.619 -1.913 8 -24.619 -2.463 8 -24.729 0 8 -25
1 16 -1.913 0 -26.056 0 0 -1.436 0 8 0 1.436 0 0 3-8cylo.dat
4 16 -2.929 0 -27.071 -2.929 8 -27.071 0 8 -30 0 0 -30
2 24 -2.929 8 -27.071 0 8 -30
2 24 -2.929 0 -27.071 0 0 -30
1 16 0 4 -55 0 1 0 -4 0 0 0 0 25 rect.dat
1 16 10 4 -70 0 10 0 4 0 0 0 0 -10 box2-7.dat
1 16 20 4 -50 0 40 0 0 0 -4 -10 0 0 box4-2p.dat
1 16 20 4 0 0 -1 0 0 0 4 40 0 0 rect2p.dat
1 16 20 4 50 0 40 0 0 0 -4 -10 0 0 box4-2p.dat
1 16 10 4 70 0 10 0 -4 0 0 0 0 10 box2-7.dat

0 // Top
3 16 0 0 56 20 0 80 0 0 80
4 16 20 0 80 0 0 56 10 0 56 20 0 60
4 16 20 0 60 10 0 56 10 0 44 20 0 40
4 16 10 0 44 0 0 44 0 0 30 4 0 26
0 BFC INVERTNEXT
0 1 16 5 0 50 0 0 5 0 4 0 -6 0 0 box4-1.dat
1 16 2 3 50 2 0 0 0 -1 0 0 0 6 rect.dat
3 16 0 3 56 4 3 56 0 0 56
4 16 0 0 56 4 3 56 10 3 56 10 0 56
2 24 0 0 56 10 0 56
2 24 4 3 56 10 3 56
1 16 10 1.5 50 0 1 0 -1.5 0 0 0 0 6 rect.dat
2 24 10 3 44 4 3 44
2 24 10 0 44 0 0 44
4 16 4 3 44 0 0 44 10 0 44 10 3 44
3 16 0 3 44 0 0 44 4 3 44

4 16 10 0 44 4 0 26 7.072 0 20 20 0 40
3 16 7.072 0 20 4 0 14 5 0 -15
1 16 0 0 20 1.768 0 -1.768 0 1 0 1.768 0 1.768 4-4ring1.dat
3 16 7.072 0 20 4 0 26 4 0 24
3 16 7.072 0 20 4 0 24 3.536 0 23.536
1 16 0 0 20 3.536 0 3.536 0 1 0 -3.536 0 3.536 1-4ndis.dat
3 16 7.072 0 20 3.536 0 16.464 4 0 16
3 16 7.072 0 20 4 0 16 4 0 14
4 16 20 0 40 7.072 0 20 5 0 -15 20 0 -40
3 16 20 0 -40 5 0 -15 5 0 -25
4 16 4 0 14 0 0 10 0 0 -10 5 0 -15
1 16 -1.913 0 -13.944 -1.015 0 -1.015 0 1 0 1.015 0 -1.015 3-8chrd.dat
4 16 -2.929 0 -12.929 -1.913 0 -15.381 0 0 -15 0 0 -10
3 16 0 0 -15 5 0 -15 0 0 -10
1 16 0 0 -20 0 0 5 0 1 0 -5 0 0 2-4ndis.dat
4 16 0 0 -25 0 0 -30 20 0 -40 5 0 -25
4 16 0 0 -30 0 0 -25 -1.913 0 -24.619 -2.929 0 -27.071
1 16 -1.913 0 -26.056 -1.015 0 -1.015 0 1 0 -1.015 0 1.015 3-8chrd.dat
4 16 20 0 -40 0 0 -30 0 0 -80 20 0 -60
3 16 20 0 -60 0 0 -80 20 0 -80

0 // Studs
1 16 10 -4 70 6 0 0 0 4 0 0 0 6 4-4cylc.dat
1 16 30 -4 50 6 0 0 0 4 0 0 0 6 4-4cylc.dat
1 16 50 -4 50 6 0 0 0 4 0 0 0 6 4-4cylc.dat
1 16 10 -4 30 6 0 0 0 4 0 0 0 6 4-4cylc.dat
1 16 10 -4 10 6 0 0 0 4 0 0 0 6 4-4cylc.dat
1 16 10 -4 -10 6 0 0 0 4 0 0 0 6 4-4cylc.dat
1 16 10 -4 -30 6 0 0 0 4 0 0 0 6 4-4cylc.dat
1 16 30 -4 -50 6 0 0 0 4 0 0 0 6 4-4cylc.dat
1 16 50 -4 -50 6 0 0 0 4 0 0 0 6 4-4cylc.dat
1 16 10 -4 -70 6 0 0 0 4 0 0 0 6 4-4cylc.dat
