0 ME Models Train Track Curve R56 Inner
0 Name: ME_R56_Inner.dat
0 Author: Ronald Vallenduuk [Duq]
0 !LDRAW_ORG Unofficial_Part
0 !LICENSE Redistributable under CCAL version 2.0 : see CAreadme.txt
0 BFC CERTIFY CCW
4 16 -214.316 -16 -18.28 -204.473 -16 -16.322 -204.473 -8 -16.322 -214.316 -8 -18.28
4 16 -214.316 -8 -18.28 -204.473 -8 -16.322 -205.743 -8 -9.778 -215.647 -8 -11.748
4 16 -215.647 -8 -11.748 -205.743 -8 -9.778 -205.743 0 -9.778 -215.647 0 -11.748
4 16 -215.647 0 -11.748 -205.743 0 -9.778 -204.981 0 -13.705 -214.849 0 -15.668
4 16 -214.849 0 -15.668 -204.981 0 -13.705 -204.981 -5 -13.705 -214.849 -5 -15.668
4 16 -204.473 -16 -16.322 -194.613 -16 -14.457 -194.613 -8 -14.457 -204.473 -8 -16.322
4 16 -204.473 -8 -16.322 -194.613 -8 -14.457 -195.821 -8 -7.901 -205.743 -8 -9.778
4 16 -205.743 -8 -9.778 -195.821 -8 -7.901 -195.821 0 -7.901 -205.743 0 -9.778
4 16 -205.743 0 -9.778 -195.821 0 -7.901 -194.09 0 -11.654 -204.981 0 -13.705
4 16 -204.981 0 -13.705 -194.09 0 -11.654 -194.09 -5 -11.654 -204.981 -5 -13.705
4 16 -192.195 0 -27.57 -182.44 0 -25.818 -182.44 -8 -25.818 -192.195 -8 -27.57
4 16 -192.195 -8 -27.57 -182.44 -8 -25.818 -183.587 -8 -19.252 -193.404 -8 -21.014
4 16 -193.404 -8 -21.014 -183.587 -8 -19.252 -183.587 -16 -19.252 -193.404 -16 -21.014
4 16 -193.404 -16 -21.014 -183.587 -16 -19.252 -184.735 -16 -12.683 -194.613 -16 -14.457
4 16 -194.613 -16 -14.457 -184.735 -16 -12.683 -184.735 -8 -12.683 -194.613 -8 -14.457
4 16 -194.613 -8 -14.457 -184.735 -8 -12.683 -185.882 -8 -6.117 -195.821 -8 -7.901
4 16 -195.821 -8 -7.901 -185.882 -8 -6.117 -185.882 0 -6.117 -195.821 0 -7.901
4 16 -182.44 0 -25.818 -172.669 0 -24.158 -172.669 -8 -24.158 -182.44 -8 -25.818
4 16 -182.44 -8 -25.818 -172.669 -8 -24.158 -173.755 -8 -17.581 -183.587 -8 -19.252
4 16 -183.587 -8 -19.252 -173.755 -8 -17.581 -173.755 -16 -17.581 -183.587 -16 -19.252
4 16 -183.587 -16 -19.252 -173.755 -16 -17.581 -174.841 -16 -11.002 -184.735 -16 -12.683
4 16 -184.735 -16 -12.683 -174.841 -16 -11.002 -174.841 -8 -11.002 -184.735 -8 -12.683
4 16 -184.735 -8 -12.683 -174.841 -8 -11.002 -175.927 -8 -4.425 -185.882 -8 -6.117
4 16 -185.882 -8 -6.117 -175.927 -8 -4.425 -175.927 0 -4.425 -185.882 0 -6.117
4 16 -185.882 0 -6.117 -175.927 0 -4.425 -174.276 0 -8.212 -186.217 0 -10.241
4 16 -186.217 0 -10.241 -174.276 0 -8.212 -174.276 -5 -8.212 -186.217 -5 -10.241
4 16 -186.217 -5 -10.241 -174.276 -5 -8.212 -172.377 -5 -20.06 -184.096 -5 -22.052
4 16 -184.096 -5 -22.052 -172.377 -5 -20.06 -172.377 0 -20.06 -184.096 0 -22.052
4 16 -184.096 0 -22.052 -172.377 0 -20.06 -172.669 0 -24.158 -182.44 0 -25.818
4 16 -172.669 0 -24.158 -162.883 0 -22.589 -162.883 -8 -22.589 -172.669 -8 -24.158
4 16 -172.669 -8 -24.158 -162.883 -8 -22.589 -163.908 -8 -16.003 -173.755 -8 -17.581
4 16 -173.755 -8 -17.581 -163.908 -8 -16.003 -163.908 -16 -16.003 -173.755 -16 -17.581
4 16 -173.755 -16 -17.581 -163.908 -16 -16.003 -164.932 -16 -9.414 -174.841 -16 -11.002
4 16 -174.841 -16 -11.002 -164.932 -16 -9.414 -164.932 -8 -9.414 -174.841 -8 -11.002
4 16 -174.841 -8 -11.002 -164.932 -8 -9.414 -165.956 -8 -2.827 -175.927 -8 -4.425
4 16 -175.927 -8 -4.425 -165.956 -8 -2.827 -165.956 0 -2.827 -175.927 0 -4.425
4 16 -162.883 0 -22.589 -153.083 0 -21.112 -153.083 -8 -21.112 -162.883 -8 -22.589
4 16 -162.883 -8 -22.589 -153.083 -8 -21.112 -154.046 -8 -14.516 -163.908 -8 -16.003
4 16 -163.908 -8 -16.003 -154.046 -8 -14.516 -154.046 -16 -14.516 -163.908 -16 -16.003
4 16 -163.908 -16 -16.003 -154.046 -16 -14.516 -155.009 -16 -7.918 -164.932 -16 -9.414
4 16 -164.932 -16 -9.414 -155.009 -16 -7.918 -155.009 -8 -7.918 -164.932 -8 -9.414
4 16 -164.932 -8 -9.414 -155.009 -8 -7.918 -155.971 -8 -1.322 -165.956 -8 -2.827
4 16 -165.956 -8 -2.827 -155.971 -8 -1.322 -155.971 0 -1.322 -165.956 0 -2.827
4 16 -165.956 0 -2.827 -155.971 0 -1.322 -155.394 0 -5.28 -166.377 0 -6.945
4 16 -166.377 0 -6.945 -155.394 0 -5.28 -155.394 -5 -5.28 -166.377 -5 -6.945
4 16 -166.377 -5 -6.945 -155.394 -5 -5.28 -153.661 -5 -17.154 -164.478 -5 -18.794
4 16 -164.478 -5 -18.794 -153.661 -5 -17.154 -153.661 0 -17.154 -164.478 0 -18.794
4 16 -164.478 0 -18.794 -153.661 0 -17.154 -153.083 0 -21.112 -162.883 0 -22.589
4 16 -153.083 0 -21.112 -143.269 0 -19.727 -143.269 -8 -19.727 -153.083 -8 -21.112
4 16 -153.083 -8 -21.112 -143.269 -8 -19.727 -144.17 -8 -13.122 -154.046 -8 -14.516
4 16 -154.046 -8 -14.516 -144.17 -8 -13.122 -144.17 -16 -13.122 -154.046 -16 -14.516
4 16 -154.046 -16 -14.516 -144.17 -16 -13.122 -145.072 -16 -6.515 -155.009 -16 -7.918
4 16 -155.009 -16 -7.918 -145.072 -16 -6.515 -145.072 -8 -6.515 -155.009 -8 -7.918
4 16 -155.009 -8 -7.918 -145.072 -8 -6.515 -145.973 -8 0.09 -155.971 -8 -1.322
4 16 -155.971 -8 -1.322 -145.973 -8 0.09 -145.973 0 0.09 -155.971 0 -1.322
4 16 -155.971 0 -1.322 -145.973 0 0.09 -145.432 0 -3.874 -155.394 0 -5.28
4 16 -155.394 0 -5.28 -145.432 0 -3.874 -145.432 -5 -3.874 -155.394 -5 -5.28
4 16 -155.394 -5 -5.28 -145.432 -5 -3.874 -143.81 -5 -15.763 -153.661 -5 -17.154
4 16 -153.661 -5 -17.154 -143.81 -5 -15.763 -143.81 0 -15.763 -153.661 0 -17.154
4 16 -153.661 0 -17.154 -143.81 0 -15.763 -143.269 0 -19.727 -153.083 0 -21.112
4 16 -143.269 0 -19.727 -133.443 0 -18.433 -133.443 -8 -18.433 -143.269 -8 -19.727
4 16 -143.269 -8 -19.727 -133.443 -8 -18.433 -134.282 -8 -11.82 -144.17 -8 -13.122
4 16 -144.17 -8 -13.122 -134.282 -8 -11.82 -134.282 -16 -11.82 -144.17 -16 -13.122
4 16 -144.17 -16 -13.122 -134.282 -16 -11.82 -135.122 -16 -5.205 -145.072 -16 -6.515
4 16 -145.072 -16 -6.515 -135.122 -16 -5.205 -135.122 -8 -5.205 -145.072 -8 -6.515
4 16 -145.072 -8 -6.515 -135.122 -8 -5.205 -135.961 -8 1.408 -145.973 -8 0.09
4 16 -145.973 -8 0.09 -135.961 -8 1.408 -135.961 0 1.408 -145.973 0 0.09
4 16 -145.973 0 0.09 -135.961 0 1.408 -135.457 0 -2.56 -145.432 0 -3.874
4 16 -145.432 0 -3.874 -135.457 0 -2.56 -135.457 -5 -2.56 -145.432 -5 -3.874
4 16 -145.432 -5 -3.874 -135.457 -5 -2.56 -133.947 -5 -14.465 -143.81 -5 -15.763
4 16 -143.81 -5 -15.763 -133.947 -5 -14.465 -133.947 0 -14.465 -143.81 0 -15.763
4 16 -143.81 0 -15.763 -133.947 0 -14.465 -133.443 0 -18.433 -143.269 0 -19.727
4 16 -133.443 0 -18.433 -123.605 0 -17.231 -123.605 -8 -17.231 -133.443 -8 -18.433
4 16 -133.443 -8 -18.433 -123.605 -8 -17.231 -124.383 -8 -10.611 -134.282 -8 -11.82
4 16 -134.282 -8 -11.82 -124.383 -8 -10.611 -124.383 -16 -10.611 -134.282 -16 -11.82
4 16 -134.282 -16 -11.82 -124.383 -16 -10.611 -125.16 -16 -3.988 -135.122 -16 -5.205
4 16 -135.122 -16 -5.205 -125.16 -16 -3.988 -125.16 -8 -3.988 -135.122 -8 -5.205
4 16 -135.122 -8 -5.205 -125.16 -8 -3.988 -125.938 -8 2.632 -135.961 -8 1.408
4 16 -135.961 -8 1.408 -125.938 -8 2.632 -125.938 0 2.632 -135.961 0 1.408
4 16 -135.961 0 1.408 -125.938 0 2.632 -125.471 0 -1.341 -135.457 0 -2.56
4 16 -135.457 0 -2.56 -125.471 0 -1.341 -125.471 -5 -1.341 -135.457 -5 -2.56
4 16 -135.457 -5 -2.56 -125.471 -5 -1.341 -124.072 -5 -13.259 -133.947 -5 -14.465
4 16 -133.947 -5 -14.465 -124.072 -5 -13.259 -124.072 0 -13.259 -133.947 0 -14.465
4 16 -133.947 0 -14.465 -124.072 0 -13.259 -123.605 0 -17.231 -133.443 0 -18.433
4 16 -123.605 0 -17.231 -113.757 0 -16.122 -113.757 -8 -16.122 -123.605 -8 -17.231
4 16 -123.605 -8 -17.231 -113.757 -8 -16.122 -114.472 -8 -9.494 -124.383 -8 -10.611
4 16 -124.383 -8 -10.611 -114.472 -8 -9.494 -114.472 -16 -9.494 -124.383 -16 -10.611
4 16 -124.383 -16 -10.611 -114.472 -16 -9.494 -115.188 -16 -2.865 -125.16 -16 -3.988
4 16 -125.16 -16 -3.988 -115.188 -16 -2.865 -115.188 -8 -2.865 -125.16 -8 -3.988
4 16 -125.16 -8 -3.988 -115.188 -8 -2.865 -115.903 -8 3.763 -125.938 -8 2.632
4 16 -125.938 -8 2.632 -115.903 -8 3.763 -115.903 0 3.763 -125.938 0 2.632
4 16 -125.938 0 2.632 -115.903 0 3.763 -115.474 0 -0.214 -125.471 0 -1.341
4 16 -125.471 0 -1.341 -115.474 0 -0.214 -115.474 -5 -0.214 -125.471 -5 -1.341
4 16 -125.471 -5 -1.341 -115.474 -5 -0.214 -114.186 -5 -12.145 -124.072 -5 -13.259
4 16 -124.072 -5 -13.259 -114.186 -5 -12.145 -114.186 0 -12.145 -124.072 0 -13.259
4 16 -124.072 0 -13.259 -114.186 0 -12.145 -113.757 0 -16.122 -123.605 0 -17.231
4 16 -113.757 0 -16.122 -103.898 0 -15.104 -103.898 -8 -15.104 -113.757 -8 -16.122
4 16 -113.757 -8 -16.122 -103.898 -8 -15.104 -104.552 -8 -8.47 -114.472 -8 -9.494
4 16 -114.472 -8 -9.494 -104.552 -8 -8.47 -104.552 -16 -8.47 -114.472 -16 -9.494
4 16 -114.472 -16 -9.494 -104.552 -16 -8.47 -105.205 -16 -1.834 -115.188 -16 -2.865
4 16 -115.188 -16 -2.865 -105.205 -16 -1.834 -105.205 -8 -1.834 -115.188 -8 -2.865
4 16 -115.188 -8 -2.865 -105.205 -8 -1.834 -105.859 -8 4.8 -115.903 -8 3.763
4 16 -115.903 -8 3.763 -105.859 -8 4.8 -105.859 0 4.8 -115.903 0 3.763
4 16 -115.903 0 3.763 -105.859 0 4.8 -105.466 0 0.819 -115.474 0 -0.214
4 16 -115.474 0 -0.214 -105.466 0 0.819 -105.466 -5 0.819 -115.474 -5 -0.214
4 16 -115.474 -5 -0.214 -105.466 -5 0.819 -104.29 -5 -11.123 -114.186 -5 -12.145
4 16 -114.186 -5 -12.145 -104.29 -5 -11.123 -104.29 0 -11.123 -114.186 0 -12.145
4 16 -114.186 0 -12.145 -104.29 0 -11.123 -103.898 0 -15.104 -113.757 0 -16.122
4 16 -103.898 0 -15.104 -94.031 0 -14.179 -94.031 -8 -14.179 -103.898 -8 -15.104
4 16 -103.898 -8 -15.104 -94.031 -8 -14.179 -94.622 -8 -7.539 -104.552 -8 -8.47
4 16 -104.552 -8 -8.47 -94.622 -8 -7.539 -94.622 -16 -7.539 -104.552 -16 -8.47
4 16 -104.552 -16 -8.47 -94.622 -16 -7.539 -95.213 -16 -0.897 -105.205 -16 -1.834
4 16 -105.205 -16 -1.834 -95.213 -16 -0.897 -95.213 -8 -0.897 -105.205 -8 -1.834
4 16 -105.205 -8 -1.834 -95.213 -8 -0.897 -95.805 -8 5.742 -105.859 -8 4.8
4 16 -105.859 -8 4.8 -95.805 -8 5.742 -95.805 0 5.742 -105.859 0 4.8
4 16 -105.859 0 4.8 -95.805 0 5.742 -95.45 0 1.758 -105.466 0 0.819
4 16 -105.466 0 0.819 -95.45 0 1.758 -95.45 -5 1.758 -105.466 -5 0.819
4 16 -105.466 -5 0.819 -95.45 -5 1.758 -94.385 -5 -10.195 -104.29 -5 -11.123
4 16 -104.29 -5 -11.123 -94.385 -5 -10.195 -94.385 0 -10.195 -104.29 0 -11.123
4 16 -104.29 0 -11.123 -94.385 0 -10.195 -94.031 0 -14.179 -103.898 0 -15.104
4 16 -94.031 0 -14.179 -84.155 0 -13.346 -84.155 -8 -13.346 -94.031 -8 -14.179
4 16 -94.031 -8 -14.179 -84.155 -8 -13.346 -84.684 -8 -6.701 -94.622 -8 -7.539
4 16 -94.622 -8 -7.539 -84.684 -8 -6.701 -84.684 -16 -6.701 -94.622 -16 -7.539
4 16 -94.622 -16 -7.539 -84.684 -16 -6.701 -85.213 -16 -0.054 -95.213 -16 -0.897
4 16 -95.213 -16 -0.897 -85.213 -16 -0.054 -85.213 -8 -0.054 -95.213 -8 -0.897
4 16 -95.213 -8 -0.897 -85.213 -8 -0.054 -85.742 -8 6.591 -95.805 -8 5.742
4 16 -95.805 -8 5.742 -85.742 -8 6.591 -85.742 0 6.591 -95.805 0 5.742
4 16 -95.805 0 5.742 -85.742 0 6.591 -85.425 0 2.604 -95.45 0 1.758
4 16 -95.45 0 1.758 -85.425 0 2.604 -85.425 -5 2.604 -95.45 -5 1.758
4 16 -95.45 -5 1.758 -85.425 -5 2.604 -84.472 -5 -9.358 -94.385 -5 -10.195
4 16 -94.385 -5 -10.195 -84.472 -5 -9.358 -84.472 0 -9.358 -94.385 0 -10.195
4 16 -94.385 0 -10.195 -84.472 0 -9.358 -84.155 0 -13.346 -94.031 0 -14.179
4 16 -84.155 0 -13.346 -74.271 0 -12.605 -74.271 -8 -12.605 -84.155 -8 -13.346
4 16 -84.155 -8 -13.346 -74.271 -8 -12.605 -74.738 -8 -5.956 -84.684 -8 -6.701
4 16 -84.684 -8 -6.701 -74.738 -8 -5.956 -74.738 -16 -5.956 -84.684 -16 -6.701
4 16 -84.684 -16 -6.701 -74.738 -16 -5.956 -75.206 -16 0.696 -85.213 -16 -0.054
4 16 -85.213 -16 -0.054 -75.206 -16 0.696 -75.206 -8 0.696 -85.213 -8 -0.054
4 16 -85.213 -8 -0.054 -75.206 -8 0.696 -75.673 -8 7.346 -85.742 -8 6.591
4 16 -85.742 -8 6.591 -75.673 -8 7.346 -75.673 0 7.346 -85.742 0 6.591
4 16 -85.742 0 6.591 -75.673 0 7.346 -75.392 0 3.355 -85.425 0 2.604
4 16 -85.425 0 2.604 -75.392 0 3.355 -75.392 -5 3.355 -85.425 -5 2.604
4 16 -85.425 -5 2.604 -75.392 -5 3.355 -74.552 -5 -8.615 -84.472 -5 -9.358
4 16 -84.472 -5 -9.358 -74.552 -5 -8.615 -74.552 0 -8.615 -84.472 0 -9.358
4 16 -84.472 0 -9.358 -74.552 0 -8.615 -74.271 0 -12.605 -84.155 0 -13.346
4 16 -74.271 0 -12.605 -64.382 0 -11.957 -64.382 -8 -11.957 -74.271 -8 -12.605
4 16 -74.271 -8 -12.605 -64.382 -8 -11.957 -64.787 -8 -5.303 -74.738 -8 -5.956
4 16 -74.738 -8 -5.956 -64.787 -8 -5.303 -64.787 -16 -5.303 -74.738 -16 -5.956
4 16 -74.738 -16 -5.956 -64.787 -16 -5.303 -65.192 -16 1.352 -75.206 -16 0.696
4 16 -75.206 -16 0.696 -65.192 -16 1.352 -65.192 -8 1.352 -75.206 -8 0.696
4 16 -75.206 -8 0.696 -65.192 -8 1.352 -65.596 -8 8.006 -75.673 -8 7.346
4 16 -75.673 -8 7.346 -65.596 -8 8.006 -65.596 0 8.006 -75.673 0 7.346
4 16 -75.673 0 7.346 -65.596 0 8.006 -65.353 0 4.013 -75.392 0 3.355
4 16 -75.392 0 3.355 -65.353 0 4.013 -65.353 -5 4.013 -75.392 -5 3.355
4 16 -75.392 -5 3.355 -65.353 -5 4.013 -64.625 -5 -7.964 -74.552 -5 -8.615
4 16 -74.552 -5 -8.615 -64.625 -5 -7.964 -64.625 0 -7.964 -74.552 0 -8.615
4 16 -74.552 0 -8.615 -64.625 0 -7.964 -64.382 0 -11.957 -74.271 0 -12.605
4 16 -64.382 0 -11.957 -54.486 0 -11.401 -54.486 -8 -11.401 -64.382 -8 -11.957
4 16 -64.382 -8 -11.957 -54.486 -8 -11.401 -54.829 -8 -4.744 -64.787 -8 -5.303
4 16 -64.787 -8 -5.303 -54.829 -8 -4.744 -54.829 -16 -4.744 -64.787 -16 -5.303
4 16 -64.787 -16 -5.303 -54.829 -16 -4.744 -55.172 -16 1.915 -65.192 -16 1.352
4 16 -65.192 -16 1.352 -55.172 -16 1.915 -55.172 -8 1.915 -65.192 -8 1.352
4 16 -65.192 -8 1.352 -55.172 -8 1.915 -55.514 -8 8.572 -65.596 -8 8.006
4 16 -65.596 -8 8.006 -55.514 -8 8.572 -55.514 0 8.572 -65.596 0 8.006
4 16 -65.596 0 8.006 -55.514 0 8.572 -55.309 0 4.578 -65.353 0 4.013
4 16 -65.353 0 4.013 -55.309 0 4.578 -55.309 -5 4.578 -65.353 -5 4.013
4 16 -65.353 -5 4.013 -55.309 -5 4.578 -54.692 -5 -7.407 -64.625 -5 -7.964
4 16 -64.625 -5 -7.964 -54.692 -5 -7.407 -54.692 0 -7.407 -64.625 0 -7.964
4 16 -64.625 0 -7.964 -54.692 0 -7.407 -54.486 0 -11.401 -64.382 0 -11.957
4 16 -54.486 0 -11.401 -44.586 0 -10.938 -44.586 -8 -10.938 -54.486 -8 -11.401
4 16 -54.486 -8 -11.401 -44.586 -8 -10.938 -44.867 -8 -4.278 -54.829 -8 -4.744
4 16 -54.829 -8 -4.744 -44.867 -8 -4.278 -44.867 -16 -4.278 -54.829 -16 -4.744
4 16 -54.829 -16 -4.744 -44.867 -16 -4.278 -45.147 -16 2.384 -55.172 -16 1.915
4 16 -55.172 -16 1.915 -45.147 -16 2.384 -45.147 -8 2.384 -55.172 -8 1.915
4 16 -55.172 -8 1.915 -45.147 -8 2.384 -45.427 -8 9.044 -55.514 -8 8.572
4 16 -55.514 -8 8.572 -45.427 -8 9.044 -45.427 0 9.044 -55.514 0 8.572
4 16 -55.514 0 8.572 -45.427 0 9.044 -45.259 0 5.048 -55.309 0 4.578
4 16 -55.309 0 4.578 -45.259 0 5.048 -45.259 -5 5.048 -55.309 -5 4.578
4 16 -55.309 -5 4.578 -45.259 -5 5.048 -44.754 -5 -6.942 -54.692 -5 -7.407
4 16 -54.692 -5 -7.407 -44.754 -5 -6.942 -44.754 0 -6.942 -54.692 0 -7.407
4 16 -54.692 0 -7.407 -44.754 0 -6.942 -44.586 0 -10.938 -54.486 0 -11.401
4 16 -44.586 0 -10.938 -34.682 0 -10.568 -34.682 -8 -10.568 -44.586 -8 -10.938
4 16 -44.586 -8 -10.938 -34.682 -8 -10.568 -34.9 -8 -3.905 -44.867 -8 -4.278
4 16 -44.867 -8 -4.278 -34.9 -8 -3.905 -34.9 -16 -3.905 -44.867 -16 -4.278
4 16 -44.867 -16 -4.278 -34.9 -16 -3.905 -35.119 -16 2.759 -45.147 -16 2.384
4 16 -45.147 -16 2.384 -35.119 -16 2.759 -35.119 -8 2.759 -45.147 -8 2.384
4 16 -45.147 -8 2.384 -35.119 -8 2.759 -35.337 -8 9.422 -45.427 -8 9.044
4 16 -45.427 -8 9.044 -35.337 -8 9.422 -35.337 0 9.422 -45.427 0 9.044
4 16 -45.427 0 9.044 -35.337 0 9.422 -35.206 0 5.424 -45.259 0 5.048
4 16 -45.259 0 5.048 -35.206 0 5.424 -35.206 -5 5.424 -45.259 -5 5.048
4 16 -45.259 -5 5.048 -35.206 -5 5.424 -34.813 -5 -6.57 -44.754 -5 -6.942
4 16 -44.754 -5 -6.942 -34.813 -5 -6.57 -34.813 0 -6.57 -44.754 0 -6.942
4 16 -44.754 0 -6.942 -34.813 0 -6.57 -34.682 0 -10.568 -44.586 0 -10.938
4 16 -34.682 0 -10.568 -24.775 0 -10.29 -24.775 -8 -10.29 -34.682 -8 -10.568
4 16 -34.682 -8 -10.568 -24.775 -8 -10.29 -24.931 -8 -3.625 -34.9 -8 -3.905
4 16 -34.9 -8 -3.905 -24.931 -8 -3.625 -24.931 -16 -3.625 -34.9 -16 -3.905
4 16 -34.9 -16 -3.905 -24.931 -16 -3.625 -25.087 -16 3.041 -35.119 -16 2.759
4 16 -35.119 -16 2.759 -25.087 -16 3.041 -25.087 -8 3.041 -35.119 -8 2.759
4 16 -35.119 -8 2.759 -25.087 -8 3.041 -25.243 -8 9.705 -35.337 -8 9.422
4 16 -35.337 -8 9.422 -25.243 -8 9.705 -25.243 0 9.705 -35.337 0 9.422
4 16 -35.337 0 9.422 -25.243 0 9.705 -25.149 0 5.706 -35.206 0 5.424
4 16 -35.206 0 5.424 -25.149 0 5.706 -25.149 -5 5.706 -35.206 -5 5.424
4 16 -35.206 -5 5.424 -25.149 -5 5.706 -24.869 -5 -6.291 -34.813 -5 -6.57
4 16 -34.813 -5 -6.57 -24.869 -5 -6.291 -24.869 0 -6.291 -34.813 0 -6.57
4 16 -34.813 0 -6.57 -24.869 0 -6.291 -24.775 0 -10.29 -34.682 0 -10.568
4 16 -24.775 0 -10.29 -14.866 0 -10.104 -14.866 -8 -10.104 -24.775 -8 -10.29
4 16 -24.775 -8 -10.29 -14.866 -8 -10.104 -14.959 -8 -3.439 -24.931 -8 -3.625
4 16 -24.931 -8 -3.625 -14.959 -8 -3.439 -14.959 -16 -3.439 -24.931 -16 -3.625
4 16 -24.931 -16 -3.625 -14.959 -16 -3.439 -15.053 -16 3.228 -25.087 -16 3.041
4 16 -25.087 -16 3.041 -15.053 -16 3.228 -15.053 -8 3.228 -25.087 -8 3.041
4 16 -25.087 -8 3.041 -15.053 -8 3.228 -15.146 -8 9.894 -25.243 -8 9.705
4 16 -25.243 -8 9.705 -15.146 -8 9.894 -15.146 0 9.894 -25.243 0 9.705
4 16 -25.243 0 9.705 -15.146 0 9.894 -15.09 0 5.894 -25.149 0 5.706
4 16 -25.149 0 5.706 -15.09 0 5.894 -15.09 -5 5.894 -25.149 -5 5.706
4 16 -25.149 -5 5.706 -15.09 -5 5.894 -14.922 -5 -6.105 -24.869 -5 -6.291
4 16 -24.869 -5 -6.291 -14.922 -5 -6.105 -14.922 0 -6.105 -24.869 0 -6.291
4 16 -24.869 0 -6.291 -14.922 0 -6.105 -14.866 0 -10.104 -24.775 0 -10.29
4 16 -14.866 0 -10.104 -4.955 0 -10.012 -4.955 -8 -10.012 -14.866 -8 -10.104
4 16 -14.866 -8 -10.104 -4.955 -8 -10.012 -4.987 -8 -3.346 -14.959 -8 -3.439
4 16 -14.959 -8 -3.439 -4.987 -8 -3.346 -4.987 -16 -3.346 -14.959 -16 -3.439
4 16 -14.959 -16 -3.439 -4.987 -16 -3.346 -5.018 -16 3.322 -15.053 -16 3.228
4 16 -15.053 -16 3.228 -5.018 -16 3.322 -5.018 -8 3.322 -15.053 -8 3.228
4 16 -15.053 -8 3.228 -5.018 -8 3.322 -5.049 -8 9.988 -15.146 -8 9.894
4 16 -15.146 -8 9.894 -5.049 -8 9.988 -5.049 0 9.988 -15.146 0 9.894
4 16 -15.146 0 9.894 -5.049 0 9.988 -4 0 5.988 -15.09 0 5.894
4 16 -15.09 0 5.894 -4 0 5.988 -4 -5 5.988 -15.09 -5 5.894
4 16 -15.09 -5 5.894 -4 -5 5.988 -4 -5 -6.012 -14.922 -5 -6.105
4 16 -14.922 -5 -6.105 -4 -5 -6.012 -4 0 -6.012 -14.922 0 -6.105
4 16 -14.922 0 -6.105 -4 0 -6.012 -4.955 0 -10.012 -14.866 0 -10.104
4 16 -4.955 0 -10.012 4.955 0 -10.012 4.955 -8 -10.012 -4.955 -8 -10.012
4 16 -4.955 -8 -10.012 4.955 -8 -10.012 4.987 -8 -3.346 -4.987 -8 -3.346
4 16 -4.987 -8 -3.346 4.987 -8 -3.346 4.987 -16 -3.346 -4.987 -16 -3.346
4 16 -4.987 -16 -3.346 4.987 -16 -3.346 5.018 -16 3.322 -5.018 -16 3.322
4 16 -5.018 -16 3.322 5.018 -16 3.322 5.018 -8 3.322 -5.018 -8 3.322
4 16 -5.018 -8 3.322 5.018 -8 3.322 5.049 -8 9.988 -5.049 -8 9.988
4 16 -5.049 -8 9.988 5.049 -8 9.988 5.049 0 9.988 -5.049 0 9.988
4 16 4.955 0 -10.012 14.866 0 -10.104 14.866 -8 -10.104 4.955 -8 -10.012
4 16 4.955 -8 -10.012 14.866 -8 -10.104 14.959 -8 -3.439 4.987 -8 -3.346
4 16 4.987 -8 -3.346 14.959 -8 -3.439 14.959 -16 -3.439 4.987 -16 -3.346
4 16 4.987 -16 -3.346 14.959 -16 -3.439 15.053 -16 3.228 5.018 -16 3.322
4 16 5.018 -16 3.322 15.053 -16 3.228 15.053 -8 3.228 5.018 -8 3.322
4 16 5.018 -8 3.322 15.053 -8 3.228 15.146 -8 9.894 5.049 -8 9.988
4 16 5.049 -8 9.988 15.146 -8 9.894 15.146 0 9.894 5.049 0 9.988
4 16 5.049 0 9.988 15.146 0 9.894 15.09 0 5.894 4 0 5.988
4 16 4 0 5.988 15.09 0 5.894 15.09 -5 5.894 4 -5 5.988
4 16 4 -5 5.988 15.09 -5 5.894 14.922 -5 -6.105 4 -5 -6.012
4 16 4 -5 -6.012 14.922 -5 -6.105 14.922 0 -6.105 4 0 -6.012
4 16 4 0 -6.012 14.922 0 -6.105 14.866 0 -10.104 4.955 0 -10.012
4 16 14.866 0 -10.104 24.775 0 -10.29 24.775 -8 -10.29 14.866 -8 -10.104
4 16 14.866 -8 -10.104 24.775 -8 -10.29 24.931 -8 -3.625 14.959 -8 -3.439
4 16 14.959 -8 -3.439 24.931 -8 -3.625 24.931 -16 -3.625 14.959 -16 -3.439
4 16 14.959 -16 -3.439 24.931 -16 -3.625 25.087 -16 3.041 15.053 -16 3.228
4 16 15.053 -16 3.228 25.087 -16 3.041 25.087 -8 3.041 15.053 -8 3.228
4 16 15.053 -8 3.228 25.087 -8 3.041 25.243 -8 9.705 15.146 -8 9.894
4 16 15.146 -8 9.894 25.243 -8 9.705 25.243 0 9.705 15.146 0 9.894
4 16 15.146 0 9.894 25.243 0 9.705 25.149 0 5.706 15.09 0 5.894
4 16 15.09 0 5.894 25.149 0 5.706 25.149 -5 5.706 15.09 -5 5.894
4 16 15.09 -5 5.894 25.149 -5 5.706 24.869 -5 -6.291 14.922 -5 -6.105
4 16 14.922 -5 -6.105 24.869 -5 -6.291 24.869 0 -6.291 14.922 0 -6.105
4 16 14.922 0 -6.105 24.869 0 -6.291 24.775 0 -10.29 14.866 0 -10.104
4 16 24.775 0 -10.29 34.682 0 -10.568 34.682 -8 -10.568 24.775 -8 -10.29
4 16 24.775 -8 -10.29 34.682 -8 -10.568 34.9 -8 -3.905 24.931 -8 -3.625
4 16 24.931 -8 -3.625 34.9 -8 -3.905 34.9 -16 -3.905 24.931 -16 -3.625
4 16 24.931 -16 -3.625 34.9 -16 -3.905 35.119 -16 2.759 25.087 -16 3.041
4 16 25.087 -16 3.041 35.119 -16 2.759 35.119 -8 2.759 25.087 -8 3.041
4 16 25.087 -8 3.041 35.119 -8 2.759 35.337 -8 9.422 25.243 -8 9.705
4 16 25.243 -8 9.705 35.337 -8 9.422 35.337 0 9.422 25.243 0 9.705
4 16 25.243 0 9.705 35.337 0 9.422 35.206 0 5.424 25.149 0 5.706
4 16 25.149 0 5.706 35.206 0 5.424 35.206 -5 5.424 25.149 -5 5.706
4 16 25.149 -5 5.706 35.206 -5 5.424 34.813 -5 -6.57 24.869 -5 -6.291
4 16 24.869 -5 -6.291 34.813 -5 -6.57 34.813 0 -6.57 24.869 0 -6.291
4 16 24.869 0 -6.291 34.813 0 -6.57 34.682 0 -10.568 24.775 0 -10.29
4 16 34.682 0 -10.568 44.586 0 -10.938 44.586 -8 -10.938 34.682 -8 -10.568
4 16 34.682 -8 -10.568 44.586 -8 -10.938 44.867 -8 -4.278 34.9 -8 -3.905
4 16 34.9 -8 -3.905 44.867 -8 -4.278 44.867 -16 -4.278 34.9 -16 -3.905
4 16 34.9 -16 -3.905 44.867 -16 -4.278 45.147 -16 2.384 35.119 -16 2.759
4 16 35.119 -16 2.759 45.147 -16 2.384 45.147 -8 2.384 35.119 -8 2.759
4 16 35.119 -8 2.759 45.147 -8 2.384 45.427 -8 9.044 35.337 -8 9.422
4 16 35.337 -8 9.422 45.427 -8 9.044 45.427 0 9.044 35.337 0 9.422
4 16 35.337 0 9.422 45.427 0 9.044 45.259 0 5.048 35.206 0 5.424
4 16 35.206 0 5.424 45.259 0 5.048 45.259 -5 5.048 35.206 -5 5.424
4 16 35.206 -5 5.424 45.259 -5 5.048 44.754 -5 -6.942 34.813 -5 -6.57
4 16 34.813 -5 -6.57 44.754 -5 -6.942 44.754 0 -6.942 34.813 0 -6.57
4 16 34.813 0 -6.57 44.754 0 -6.942 44.586 0 -10.938 34.682 0 -10.568
4 16 44.586 0 -10.938 54.486 0 -11.401 54.486 -8 -11.401 44.586 -8 -10.938
4 16 44.586 -8 -10.938 54.486 -8 -11.401 54.829 -8 -4.744 44.867 -8 -4.278
4 16 44.867 -8 -4.278 54.829 -8 -4.744 54.829 -16 -4.744 44.867 -16 -4.278
4 16 44.867 -16 -4.278 54.829 -16 -4.744 55.172 -16 1.915 45.147 -16 2.384
4 16 45.147 -16 2.384 55.172 -16 1.915 55.172 -8 1.915 45.147 -8 2.384
4 16 45.147 -8 2.384 55.172 -8 1.915 55.514 -8 8.572 45.427 -8 9.044
4 16 45.427 -8 9.044 55.514 -8 8.572 55.514 0 8.572 45.427 0 9.044
4 16 45.427 0 9.044 55.514 0 8.572 55.309 0 4.578 45.259 0 5.048
4 16 45.259 0 5.048 55.309 0 4.578 55.309 -5 4.578 45.259 -5 5.048
4 16 45.259 -5 5.048 55.309 -5 4.578 54.692 -5 -7.407 44.754 -5 -6.942
4 16 44.754 -5 -6.942 54.692 -5 -7.407 54.692 0 -7.407 44.754 0 -6.942
4 16 44.754 0 -6.942 54.692 0 -7.407 54.486 0 -11.401 44.586 0 -10.938
4 16 54.486 0 -11.401 64.382 0 -11.957 64.382 -8 -11.957 54.486 -8 -11.401
4 16 54.486 -8 -11.401 64.382 -8 -11.957 64.787 -8 -5.303 54.829 -8 -4.744
4 16 54.829 -8 -4.744 64.787 -8 -5.303 64.787 -16 -5.303 54.829 -16 -4.744
4 16 54.829 -16 -4.744 64.787 -16 -5.303 65.192 -16 1.352 55.172 -16 1.915
4 16 55.172 -16 1.915 65.192 -16 1.352 65.192 -8 1.352 55.172 -8 1.915
4 16 55.172 -8 1.915 65.192 -8 1.352 65.596 -8 8.006 55.514 -8 8.572
4 16 55.514 -8 8.572 65.596 -8 8.006 65.596 0 8.006 55.514 0 8.572
4 16 55.514 0 8.572 65.596 0 8.006 65.353 0 4.013 55.309 0 4.578
4 16 55.309 0 4.578 65.353 0 4.013 65.353 -5 4.013 55.309 -5 4.578
4 16 55.309 -5 4.578 65.353 -5 4.013 64.625 -5 -7.964 54.692 -5 -7.407
4 16 54.692 -5 -7.407 64.625 -5 -7.964 64.625 0 -7.964 54.692 0 -7.407
4 16 54.692 0 -7.407 64.625 0 -7.964 64.382 0 -11.957 54.486 0 -11.401
4 16 64.382 0 -11.957 74.271 0 -12.605 74.271 -8 -12.605 64.382 -8 -11.957
4 16 64.382 -8 -11.957 74.271 -8 -12.605 74.738 -8 -5.956 64.787 -8 -5.303
4 16 64.787 -8 -5.303 74.738 -8 -5.956 74.738 -16 -5.956 64.787 -16 -5.303
4 16 64.787 -16 -5.303 74.738 -16 -5.956 75.206 -16 0.696 65.192 -16 1.352
4 16 65.192 -16 1.352 75.206 -16 0.696 75.206 -8 0.696 65.192 -8 1.352
4 16 65.192 -8 1.352 75.206 -8 0.696 75.673 -8 7.346 65.596 -8 8.006
4 16 65.596 -8 8.006 75.673 -8 7.346 75.673 0 7.346 65.596 0 8.006
4 16 65.596 0 8.006 75.673 0 7.346 75.392 0 3.355 65.353 0 4.013
4 16 65.353 0 4.013 75.392 0 3.355 75.392 -5 3.355 65.353 -5 4.013
4 16 65.353 -5 4.013 75.392 -5 3.355 74.552 -5 -8.615 64.625 -5 -7.964
4 16 64.625 -5 -7.964 74.552 -5 -8.615 74.552 0 -8.615 64.625 0 -7.964
4 16 64.625 0 -7.964 74.552 0 -8.615 74.271 0 -12.605 64.382 0 -11.957
4 16 74.271 0 -12.605 84.155 0 -13.346 84.155 -8 -13.346 74.271 -8 -12.605
4 16 74.271 -8 -12.605 84.155 -8 -13.346 84.684 -8 -6.701 74.738 -8 -5.956
4 16 74.738 -8 -5.956 84.684 -8 -6.701 84.684 -16 -6.701 74.738 -16 -5.956
4 16 74.738 -16 -5.956 84.684 -16 -6.701 85.213 -16 -0.054 75.206 -16 0.696
4 16 75.206 -16 0.696 85.213 -16 -0.054 85.213 -8 -0.054 75.206 -8 0.696
4 16 75.206 -8 0.696 85.213 -8 -0.054 85.742 -8 6.591 75.673 -8 7.346
4 16 75.673 -8 7.346 85.742 -8 6.591 85.742 0 6.591 75.673 0 7.346
4 16 75.673 0 7.346 85.742 0 6.591 85.425 0 2.604 75.392 0 3.355
4 16 75.392 0 3.355 85.425 0 2.604 85.425 -5 2.604 75.392 -5 3.355
4 16 75.392 -5 3.355 85.425 -5 2.604 84.472 -5 -9.358 74.552 -5 -8.615
4 16 74.552 -5 -8.615 84.472 -5 -9.358 84.472 0 -9.358 74.552 0 -8.615
4 16 74.552 0 -8.615 84.472 0 -9.358 84.155 0 -13.346 74.271 0 -12.605
4 16 84.155 0 -13.346 94.031 0 -14.179 94.031 -8 -14.179 84.155 -8 -13.346
4 16 84.155 -8 -13.346 94.031 -8 -14.179 94.622 -8 -7.539 84.684 -8 -6.701
4 16 84.684 -8 -6.701 94.622 -8 -7.539 94.622 -16 -7.539 84.684 -16 -6.701
4 16 84.684 -16 -6.701 94.622 -16 -7.539 95.213 -16 -0.897 85.213 -16 -0.054
4 16 85.213 -16 -0.054 95.213 -16 -0.897 95.213 -8 -0.897 85.213 -8 -0.054
4 16 85.213 -8 -0.054 95.213 -8 -0.897 95.805 -8 5.742 85.742 -8 6.591
4 16 85.742 -8 6.591 95.805 -8 5.742 95.805 0 5.742 85.742 0 6.591
4 16 85.742 0 6.591 95.805 0 5.742 95.45 0 1.758 85.425 0 2.604
4 16 85.425 0 2.604 95.45 0 1.758 95.45 -5 1.758 85.425 -5 2.604
4 16 85.425 -5 2.604 95.45 -5 1.758 94.385 -5 -10.195 84.472 -5 -9.358
4 16 84.472 -5 -9.358 94.385 -5 -10.195 94.385 0 -10.195 84.472 0 -9.358
4 16 84.472 0 -9.358 94.385 0 -10.195 94.031 0 -14.179 84.155 0 -13.346
4 16 94.031 0 -14.179 103.898 0 -15.104 103.898 -8 -15.104 94.031 -8 -14.179
4 16 94.031 -8 -14.179 103.898 -8 -15.104 104.552 -8 -8.47 94.622 -8 -7.539
4 16 94.622 -8 -7.539 104.552 -8 -8.47 104.552 -16 -8.47 94.622 -16 -7.539
4 16 94.622 -16 -7.539 104.552 -16 -8.47 105.205 -16 -1.834 95.213 -16 -0.897
4 16 95.213 -16 -0.897 105.205 -16 -1.834 105.205 -8 -1.834 95.213 -8 -0.897
4 16 95.213 -8 -0.897 105.205 -8 -1.834 105.859 -8 4.8 95.805 -8 5.742
4 16 95.805 -8 5.742 105.859 -8 4.8 105.859 0 4.8 95.805 0 5.742
4 16 95.805 0 5.742 105.859 0 4.8 105.466 0 0.819 95.45 0 1.758
4 16 95.45 0 1.758 105.466 0 0.819 105.466 -5 0.819 95.45 -5 1.758
4 16 95.45 -5 1.758 105.466 -5 0.819 104.29 -5 -11.123 94.385 -5 -10.195
4 16 94.385 -5 -10.195 104.29 -5 -11.123 104.29 0 -11.123 94.385 0 -10.195
4 16 94.385 0 -10.195 104.29 0 -11.123 103.898 0 -15.104 94.031 0 -14.179
4 16 103.898 0 -15.104 113.757 0 -16.122 113.757 -8 -16.122 103.898 -8 -15.104
4 16 103.898 -8 -15.104 113.757 -8 -16.122 114.472 -8 -9.494 104.552 -8 -8.47
4 16 104.552 -8 -8.47 114.472 -8 -9.494 114.472 -16 -9.494 104.552 -16 -8.47
4 16 104.552 -16 -8.47 114.472 -16 -9.494 115.188 -16 -2.865 105.205 -16 -1.834
4 16 105.205 -16 -1.834 115.188 -16 -2.865 115.188 -8 -2.865 105.205 -8 -1.834
4 16 105.205 -8 -1.834 115.188 -8 -2.865 115.903 -8 3.763 105.859 -8 4.8
4 16 105.859 -8 4.8 115.903 -8 3.763 115.903 0 3.763 105.859 0 4.8
4 16 105.859 0 4.8 115.903 0 3.763 115.474 0 -0.214 105.466 0 0.819
4 16 105.466 0 0.819 115.474 0 -0.214 115.474 -5 -0.214 105.466 -5 0.819
4 16 105.466 -5 0.819 115.474 -5 -0.214 114.186 -5 -12.145 104.29 -5 -11.123
4 16 104.29 -5 -11.123 114.186 -5 -12.145 114.186 0 -12.145 104.29 0 -11.123
4 16 104.29 0 -11.123 114.186 0 -12.145 113.757 0 -16.122 103.898 0 -15.104
4 16 113.757 0 -16.122 123.605 0 -17.231 123.605 -8 -17.231 113.757 -8 -16.122
4 16 113.757 -8 -16.122 123.605 -8 -17.231 124.383 -8 -10.611 114.472 -8 -9.494
4 16 114.472 -8 -9.494 124.383 -8 -10.611 124.383 -16 -10.611 114.472 -16 -9.494
4 16 114.472 -16 -9.494 124.383 -16 -10.611 125.16 -16 -3.988 115.188 -16 -2.865
4 16 115.188 -16 -2.865 125.16 -16 -3.988 125.16 -8 -3.988 115.188 -8 -2.865
4 16 115.188 -8 -2.865 125.16 -8 -3.988 125.938 -8 2.632 115.903 -8 3.763
4 16 115.903 -8 3.763 125.938 -8 2.632 125.938 0 2.632 115.903 0 3.763
4 16 115.903 0 3.763 125.938 0 2.632 125.471 0 -1.341 115.474 0 -0.214
4 16 115.474 0 -0.214 125.471 0 -1.341 125.471 -5 -1.341 115.474 -5 -0.214
4 16 115.474 -5 -0.214 125.471 -5 -1.341 124.072 -5 -13.259 114.186 -5 -12.145
4 16 114.186 -5 -12.145 124.072 -5 -13.259 124.072 0 -13.259 114.186 0 -12.145
4 16 114.186 0 -12.145 124.072 0 -13.259 123.605 0 -17.231 113.757 0 -16.122
4 16 123.605 0 -17.231 133.443 0 -18.433 133.443 -8 -18.433 123.605 -8 -17.231
4 16 123.605 -8 -17.231 133.443 -8 -18.433 134.282 -8 -11.82 124.383 -8 -10.611
4 16 124.383 -8 -10.611 134.282 -8 -11.82 134.282 -16 -11.82 124.383 -16 -10.611
4 16 124.383 -16 -10.611 134.282 -16 -11.82 135.122 -16 -5.205 125.16 -16 -3.988
4 16 125.16 -16 -3.988 135.122 -16 -5.205 135.122 -8 -5.205 125.16 -8 -3.988
4 16 125.16 -8 -3.988 135.122 -8 -5.205 135.961 -8 1.408 125.938 -8 2.632
4 16 125.938 -8 2.632 135.961 -8 1.408 135.961 0 1.408 125.938 0 2.632
4 16 125.938 0 2.632 135.961 0 1.408 135.457 0 -2.56 125.471 0 -1.341
4 16 125.471 0 -1.341 135.457 0 -2.56 135.457 -5 -2.56 125.471 -5 -1.341
4 16 125.471 -5 -1.341 135.457 -5 -2.56 133.947 -5 -14.465 124.072 -5 -13.259
4 16 124.072 -5 -13.259 133.947 -5 -14.465 133.947 0 -14.465 124.072 0 -13.259
4 16 124.072 0 -13.259 133.947 0 -14.465 133.443 0 -18.433 123.605 0 -17.231
4 16 133.443 0 -18.433 143.269 0 -19.727 143.269 -8 -19.727 133.443 -8 -18.433
4 16 133.443 -8 -18.433 143.269 -8 -19.727 144.17 -8 -13.122 134.282 -8 -11.82
4 16 134.282 -8 -11.82 144.17 -8 -13.122 144.17 -16 -13.122 134.282 -16 -11.82
4 16 134.282 -16 -11.82 144.17 -16 -13.122 145.072 -16 -6.515 135.122 -16 -5.205
4 16 135.122 -16 -5.205 145.072 -16 -6.515 145.072 -8 -6.515 135.122 -8 -5.205
4 16 135.122 -8 -5.205 145.072 -8 -6.515 145.973 -8 0.09 135.961 -8 1.408
4 16 135.961 -8 1.408 145.973 -8 0.09 145.973 0 0.09 135.961 0 1.408
4 16 135.961 0 1.408 145.973 0 0.09 145.432 0 -3.874 135.457 0 -2.56
4 16 135.457 0 -2.56 145.432 0 -3.874 145.432 -5 -3.874 135.457 -5 -2.56
4 16 135.457 -5 -2.56 145.432 -5 -3.874 143.81 -5 -15.763 133.947 -5 -14.465
4 16 133.947 -5 -14.465 143.81 -5 -15.763 143.81 0 -15.763 133.947 0 -14.465
4 16 133.947 0 -14.465 143.81 0 -15.763 143.269 0 -19.727 133.443 0 -18.433
4 16 143.269 0 -19.727 153.083 0 -21.112 153.083 -8 -21.112 143.269 -8 -19.727
4 16 143.269 -8 -19.727 153.083 -8 -21.112 154.046 -8 -14.516 144.17 -8 -13.122
4 16 144.17 -8 -13.122 154.046 -8 -14.516 154.046 -16 -14.516 144.17 -16 -13.122
4 16 144.17 -16 -13.122 154.046 -16 -14.516 155.009 -16 -7.918 145.072 -16 -6.515
4 16 145.072 -16 -6.515 155.009 -16 -7.918 155.009 -8 -7.918 145.072 -8 -6.515
4 16 145.072 -8 -6.515 155.009 -8 -7.918 155.971 -8 -1.322 145.973 -8 0.09
4 16 145.973 -8 0.09 155.971 -8 -1.322 155.971 0 -1.322 145.973 0 0.09
4 16 145.973 0 0.09 155.971 0 -1.322 155.394 0 -5.28 145.432 0 -3.874
4 16 145.432 0 -3.874 155.394 0 -5.28 155.394 -5 -5.28 145.432 -5 -3.874
4 16 145.432 -5 -3.874 155.394 -5 -5.28 153.661 -5 -17.154 143.81 -5 -15.763
4 16 143.81 -5 -15.763 153.661 -5 -17.154 153.661 0 -17.154 143.81 0 -15.763
4 16 143.81 0 -15.763 153.661 0 -17.154 153.083 0 -21.112 143.269 0 -19.727
4 16 153.083 0 -21.112 162.883 0 -22.589 162.883 -8 -22.589 153.083 -8 -21.112
4 16 153.083 -8 -21.112 162.883 -8 -22.589 163.908 -8 -16.003 154.046 -8 -14.516
4 16 154.046 -8 -14.516 163.908 -8 -16.003 163.908 -16 -16.003 154.046 -16 -14.516
4 16 154.046 -16 -14.516 163.908 -16 -16.003 164.932 -16 -9.414 155.009 -16 -7.918
4 16 155.009 -16 -7.918 164.932 -16 -9.414 164.932 -8 -9.414 155.009 -8 -7.918
4 16 155.009 -8 -7.918 164.932 -8 -9.414 165.956 -8 -2.827 155.971 -8 -1.322
4 16 155.971 -8 -1.322 165.956 -8 -2.827 165.956 0 -2.827 155.971 0 -1.322
4 16 155.971 0 -1.322 165.956 0 -2.827 166.377 0 -6.945 155.394 0 -5.28
4 16 155.394 0 -5.28 166.377 0 -6.945 166.377 -5 -6.945 155.394 -5 -5.28
4 16 155.394 -5 -5.28 166.377 -5 -6.945 164.478 -5 -18.794 153.661 -5 -17.154
4 16 153.661 -5 -17.154 164.478 -5 -18.794 164.478 0 -18.794 153.661 0 -17.154
4 16 153.661 0 -17.154 164.478 0 -18.794 162.883 0 -22.589 153.083 0 -21.112
4 16 162.883 0 -22.589 172.669 0 -24.158 172.669 -8 -24.158 162.883 -8 -22.589
4 16 162.883 -8 -22.589 172.669 -8 -24.158 173.755 -8 -17.581 163.908 -8 -16.003
4 16 163.908 -8 -16.003 173.755 -8 -17.581 173.755 -16 -17.581 163.908 -16 -16.003
4 16 163.908 -16 -16.003 173.755 -16 -17.581 174.841 -16 -11.002 164.932 -16 -9.414
4 16 164.932 -16 -9.414 174.841 -16 -11.002 174.841 -8 -11.002 164.932 -8 -9.414
4 16 164.932 -8 -9.414 174.841 -8 -11.002 175.927 -8 -4.425 165.956 -8 -2.827
4 16 165.956 -8 -2.827 175.927 -8 -4.425 175.927 0 -4.425 165.956 0 -2.827
4 16 172.669 0 -24.158 182.44 0 -25.818 182.44 -8 -25.818 172.669 -8 -24.158
4 16 172.669 -8 -24.158 182.44 -8 -25.818 183.587 -8 -19.252 173.755 -8 -17.581
4 16 173.755 -8 -17.581 183.587 -8 -19.252 183.587 -16 -19.252 173.755 -16 -17.581
4 16 173.755 -16 -17.581 183.587 -16 -19.252 184.735 -16 -12.683 174.841 -16 -11.002
4 16 174.841 -16 -11.002 184.735 -16 -12.683 184.735 -8 -12.683 174.841 -8 -11.002
4 16 174.841 -8 -11.002 184.735 -8 -12.683 185.882 -8 -6.117 175.927 -8 -4.425
4 16 175.927 -8 -4.425 185.882 -8 -6.117 185.882 0 -6.117 175.927 0 -4.425
4 16 175.927 0 -4.425 185.882 0 -6.117 186.217 0 -10.241 174.276 0 -8.212
4 16 174.276 0 -8.212 186.217 0 -10.241 186.217 -5 -10.241 174.276 -5 -8.212
4 16 174.276 -5 -8.212 186.217 -5 -10.241 184.096 -5 -22.052 172.377 -5 -20.06
4 16 172.377 -5 -20.06 184.096 -5 -22.052 184.096 0 -22.052 172.377 0 -20.06
4 16 172.377 0 -20.06 184.096 0 -22.052 182.44 0 -25.818 172.669 0 -24.158
4 16 182.44 0 -25.818 192.195 0 -27.57 192.195 -8 -27.57 182.44 -8 -25.818
4 16 182.44 -8 -25.818 192.195 -8 -27.57 193.404 -8 -21.014 183.587 -8 -19.252
4 16 183.587 -8 -19.252 193.404 -8 -21.014 193.404 -16 -21.014 183.587 -16 -19.252
4 16 183.587 -16 -19.252 193.404 -16 -21.014 194.613 -16 -14.457 184.735 -16 -12.683
4 16 184.735 -16 -12.683 194.613 -16 -14.457 194.613 -8 -14.457 184.735 -8 -12.683
4 16 184.735 -8 -12.683 194.613 -8 -14.457 195.821 -8 -7.901 185.882 -8 -6.117
4 16 185.882 -8 -6.117 195.821 -8 -7.901 195.821 0 -7.901 185.882 0 -6.117
4 16 192.195 0 -27.57 201.933 0 -29.412 201.933 -8 -29.412 192.195 -8 -27.57
4 16 192.195 -8 -27.57 201.933 -8 -29.412 203.203 -8 -22.868 193.404 -8 -21.014
4 16 193.404 -8 -21.014 203.203 -8 -22.868 203.203 -16 -22.868 193.404 -16 -21.014
4 16 191.97 -5 -23.466 202.695 -5 -25.485 202.695 0 -25.485 191.97 0 -23.466
4 16 191.97 0 -23.466 202.695 0 -25.485 201.933 0 -29.412 192.195 0 -27.57
4 16 201.933 0 -29.412 211.654 0 -31.346 211.654 -8 -31.346 201.933 -8 -29.412
4 16 201.933 -8 -29.412 211.654 -8 -31.346 212.985 -8 -24.814 203.203 -8 -22.868
4 16 203.203 -8 -22.868 212.985 -8 -24.814 212.985 -16 -24.814 203.203 -16 -22.868
4 16 202.695 -5 -25.485 212.452 -5 -27.426 212.452 0 -27.426 202.695 0 -25.485
4 16 202.695 0 -25.485 212.452 0 -27.426 211.654 0 -31.346 201.933 0 -29.412
3 16 -218.554 -16 -22.511 -214.316 -16 -18.28 -219.193 -16 -19.298
4 16 -219.193 -16 -19.298 -214.316 -16 -18.28 -214.316 -8 -18.28 -219.193 -8 -19.298
4 16 -215.647 -8 -11.748 -220.494 -8 -12.76 -219.193 -8 -19.298 -214.316 -8 -18.28
4 16 -220.494 0 -12.76 -220.494 -8 -12.76 -215.647 -8 -11.748 -215.647 0 -11.748
4 16 -214.849 0 -15.668 -219.713 0 -16.683 -220.494 0 -12.76 -215.647 0 -11.748
4 16 -219.713 -5 -16.683 -219.713 0 -16.683 -214.849 0 -15.668 -214.849 -5 -15.668
3 16 -218.554 -5 -22.511 -219.713 -5 -16.683 -214.849 -5 -15.668
4 16 -198.939 -16 -18.609 -204.473 -16 -16.322 -214.316 -16 -18.28 -218.554 -16 -22.511
4 16 -214.849 -5 -15.668 -204.981 -5 -13.705 -198.939 -5 -18.609 -218.554 -5 -22.511
4 16 -196.977 0 -28.475 -192.195 0 -27.57 -192.195 -8 -27.57 -196.977 -8 -28.475
4 16 -192.195 -8 -27.57 -193.404 -8 -21.014 -198.277 -8 -21.936 -196.977 -8 -28.475
4 16 -198.277 -16 -21.936 -198.277 -8 -21.936 -193.404 -8 -21.014 -193.404 -16 -21.014
4 16 -198.277 -16 -21.936 -193.404 -16 -21.014 -194.613 -16 -14.457 -198.939 -16 -18.609
3 16 -194.613 -16 -14.457 -204.473 -16 -16.322 -198.939 -16 -18.609
4 16 -197.757 -5 -24.551 -198.939 -5 -18.609 -194.09 -5 -11.654 -191.97 -5 -23.466
3 16 -198.939 -5 -18.609 -204.981 -5 -13.705 -194.09 -5 -11.654
4 16 -197.757 -5 -24.551 -191.97 -5 -23.466 -191.97 0 -23.466 -197.757 0 -24.551
4 16 -197.757 0 -24.551 -191.97 0 -23.466 -192.195 0 -27.57 -196.977 0 -28.475
3 16 193.404 -16 -21.014 203.203 -16 -22.868 198.939 -16 -18.609
4 16 199.578 -16 -15.396 194.613 -16 -14.457 193.404 -16 -21.014 198.939 -16 -18.609
4 16 194.613 -8 -14.457 194.613 -16 -14.457 199.578 -16 -15.396 199.578 -8 -15.396
4 16 199.578 -8 -15.396 200.879 -8 -8.858 195.821 -8 -7.901 194.613 -8 -14.457
4 16 195.821 0 -7.901 195.821 -8 -7.901 200.879 -8 -8.858 200.879 0 -8.858
4 16 195.821 0 -7.901 200.879 0 -8.858 200.098 0 -12.781 194.09 0 -11.654
4 16 194.09 0 -11.654 200.098 0 -12.781 200.098 -5 -12.781 194.09 -5 -11.654
4 16 198.939 -5 -18.609 191.97 -5 -23.466 194.09 -5 -11.654 200.098 -5 -12.781
3 16 198.939 -5 -18.609 202.695 -5 -25.485 191.97 -5 -23.466
4 16 203.203 -16 -22.868 212.985 -16 -24.814 218.554 -16 -22.511 198.939 -16 -18.609
4 16 202.695 -5 -25.485 198.939 -5 -18.609 218.554 -5 -22.511 212.452 -5 -27.426
4 16 216.592 0 -32.376 216.592 -8 -32.376 211.654 -8 -31.346 211.654 0 -31.346
4 16 212.985 -8 -24.814 211.654 -8 -31.346 216.592 -8 -32.376 217.892 -8 -25.838
4 16 217.892 -8 -25.838 217.892 -16 -25.838 212.985 -16 -24.814 212.985 -8 -24.814
3 16 212.985 -16 -24.814 217.892 -16 -25.838 218.554 -16 -22.511
3 16 218.554 -5 -22.511 217.372 -5 -28.453 212.452 -5 -27.426
4 16 212.452 -5 -27.426 217.372 -5 -28.453 217.372 0 -28.453 212.452 0 -27.426
4 16 211.654 0 -31.346 212.452 0 -27.426 217.372 0 -28.453 216.592 0 -32.376
4 16 -186.217 0 -10.241 -194.09 0 -11.654 -195.821 0 -7.901 -185.882 0 -6.117
4 16 -192.195 0 -27.57 -191.97 0 -23.466 -184.096 0 -22.052 -182.44 0 -25.818
4 16 -165.956 0 -2.827 -166.377 0 -6.945 -174.276 0 -8.212 -175.927 0 -4.425
4 16 -172.377 0 -20.06 -164.478 0 -18.794 -162.883 0 -22.589 -172.669 0 -24.158
4 16 4 0 5.988 -4 0 5.988 -5.049 0 9.988 5.049 0 9.988
4 16 4.955 0 -10.012 -4.955 0 -10.012 -4 0 -6.012 4 0 -6.012
4 16 166.377 0 -6.945 165.956 0 -2.827 175.927 0 -4.425 174.276 0 -8.212
4 16 164.478 0 -18.794 172.377 0 -20.06 172.669 0 -24.158 162.883 0 -22.589
4 16 194.09 0 -11.654 186.217 0 -10.241 185.882 0 -6.117 195.821 0 -7.901
4 16 184.096 0 -22.052 191.97 0 -23.466 192.195 0 -27.57 182.44 0 -25.818
0 Walls
4 16 -194.09 -5 -11.654 -194.09 0 -11.654 -191.97 0 -23.466 -191.97 -5 -23.466
4 16 -191.97 0 -23.466 -194.09 0 -11.654 -186.217 0 -10.241 -184.096 0 -22.052
4 16 -186.217 -5 -10.241 -184.096 -5 -22.052 -184.096 0 -22.052 -186.217 0 -10.241
4 16 -172.377 0 -20.06 -172.377 -5 -20.06 -174.276 -5 -8.212 -174.276 0 -8.212
4 16 -172.377 0 -20.06 -174.276 0 -8.212 -166.377 0 -6.945 -164.478 0 -18.794
4 16 -166.377 0 -6.945 -166.377 -5 -6.945 -164.478 -5 -18.794 -164.478 0 -18.794
4 16 -4 -5 5.988 -4 0 5.988 -4 0 -6.012 -4 -5 -6.012
4 16 4 0 -6.012 -4 0 -6.012 -4 0 5.988 4 0 5.988
4 16 4 -5 -6.012 4 0 -6.012 4 0 5.988 4 -5 5.988
4 16 166.377 -5 -6.945 166.377 0 -6.945 164.478 0 -18.794 164.478 -5 -18.794
4 16 172.377 0 -20.06 164.478 0 -18.794 166.377 0 -6.945 174.276 0 -8.212
4 16 172.377 -5 -20.06 172.377 0 -20.06 174.276 0 -8.212 174.276 -5 -8.212
4 16 186.217 0 -10.241 184.096 0 -22.052 184.096 -5 -22.052 186.217 -5 -10.241
4 16 186.217 0 -10.241 194.09 0 -11.654 191.97 0 -23.466 184.096 0 -22.052
4 16 191.97 -5 -23.466 191.97 0 -23.466 194.09 0 -11.654 194.09 -5 -11.654
0 Ends
4 16 -218.554 -16 -22.511 -219.193 -16 -19.298 -219.193 -8 -19.298 -218.554 -5 -22.511
4 16 -219.193 -8 -19.298 -220.494 -8 -12.76 -219.713 -5 -16.683 -218.554 -5 -22.511
4 16 -220.494 0 -12.76 -219.713 0 -16.683 -219.713 -5 -16.683 -220.494 -8 -12.76
4 16 -198.939 -16 -18.609 -218.554 -16 -22.511 -218.554 -5 -22.511 -198.939 -5 -18.609
4 16 -198.277 -8 -21.936 -198.277 -16 -21.936 -198.939 -16 -18.609 -198.939 -5 -18.609
4 16 -197.757 -5 -24.551 -197.757 0 -24.551 -196.977 0 -28.475 -196.977 -8 -28.475
4 16 -196.977 -8 -28.475 -198.277 -8 -21.936 -198.939 -5 -18.609 -197.757 -5 -24.551
0 
4 16 200.098 0 -12.781 200.879 0 -8.858 200.879 -8 -8.858 200.098 -5 -12.781
4 16 200.098 -5 -12.781 200.879 -8 -8.858 199.578 -8 -15.396 198.939 -5 -18.609
4 16 199.578 -8 -15.396 199.578 -16 -15.396 198.939 -16 -18.609 198.939 -5 -18.609
4 16 218.554 -5 -22.511 198.939 -5 -18.609 198.939 -16 -18.609 218.554 -16 -22.511
4 16 217.892 -8 -25.838 218.554 -5 -22.511 218.554 -16 -22.511 217.892 -16 -25.838
4 16 217.892 -8 -25.838 216.592 -8 -32.376 217.372 -5 -28.453 218.554 -5 -22.511
4 16 217.372 -5 -28.453 216.592 -8 -32.376 216.592 0 -32.376 217.372 0 -28.453
0 
0 // Unmatched edges
0 // Added lines/Condlines
2 24 -214.316 -16 -18.28 -204.473 -16 -16.322
5 24 -204.473 -16 -16.322 -204.473 -8 -16.322 -214.316 -16 -18.28 -194.613 -16 -14.457
2 24 -204.473 -8 -16.322 -214.316 -8 -18.28
5 24 -214.316 -8 -18.28 -214.316 -16 -18.28 -204.473 -16 -16.322 -219.193 -16 -19.298
2 24 -205.743 -8 -9.778 -215.647 -8 -11.748
5 24 -205.743 -8 -9.778 -205.743 0 -9.778 -215.647 -8 -11.748 -195.821 -8 -7.901
2 24 -205.743 0 -9.778 -215.647 0 -11.748
5 24 -215.647 0 -11.748 -215.647 -8 -11.748 -205.743 -8 -9.778 -220.494 0 -12.76
2 24 -204.981 0 -13.705 -214.849 0 -15.668
5 24 -204.981 0 -13.705 -204.981 -5 -13.705 -214.849 0 -15.668 -194.09 0 -11.654
2 24 -204.981 -5 -13.705 -214.849 -5 -15.668
5 24 -214.849 -5 -15.668 -214.849 0 -15.668 -204.981 0 -13.705 -219.713 -5 -16.683
2 24 -204.473 -16 -16.322 -194.613 -16 -14.457
5 24 -194.613 -16 -14.457 -194.613 -8 -14.457 -204.473 -16 -16.322 -184.735 -16 -12.683
2 24 -194.613 -8 -14.457 -204.473 -8 -16.322
2 24 -195.821 -8 -7.901 -205.743 -8 -9.778
5 24 -195.821 -8 -7.901 -195.821 0 -7.901 -205.743 -8 -9.778 -185.882 -8 -6.117
2 24 -195.821 0 -7.901 -205.743 0 -9.778
2 24 -194.09 0 -11.654 -204.981 0 -13.705
2 24 -194.09 0 -11.654 -194.09 -5 -11.654
2 24 -194.09 -5 -11.654 -204.981 -5 -13.705
2 24 -192.195 0 -27.57 -182.44 0 -25.818
5 24 -182.44 0 -25.818 -182.44 -8 -25.818 -192.195 0 -27.57 -172.669 0 -24.158
2 24 -182.44 -8 -25.818 -192.195 -8 -27.57
5 24 -192.195 -8 -27.57 -192.195 0 -27.57 -182.44 0 -25.818 -196.977 0 -28.475
2 24 -183.587 -8 -19.252 -193.404 -8 -21.014
5 24 -183.587 -8 -19.252 -183.587 -16 -19.252 -193.404 -8 -21.014 -173.755 -8 -17.581
2 24 -183.587 -16 -19.252 -193.404 -16 -21.014
5 24 -193.404 -16 -21.014 -193.404 -8 -21.014 -183.587 -8 -19.252 -198.277 -16 -21.936
2 24 -184.735 -16 -12.683 -194.613 -16 -14.457
5 24 -184.735 -16 -12.683 -184.735 -8 -12.683 -194.613 -16 -14.457 -174.841 -16 -11.002
2 24 -184.735 -8 -12.683 -194.613 -8 -14.457
2 24 -185.882 -8 -6.117 -195.821 -8 -7.901
5 24 -185.882 -8 -6.117 -185.882 0 -6.117 -195.821 -8 -7.901 -175.927 -8 -4.425
2 24 -185.882 0 -6.117 -195.821 0 -7.901
2 24 -182.44 0 -25.818 -172.669 0 -24.158
5 24 -172.669 0 -24.158 -172.669 -8 -24.158 -182.44 0 -25.818 -162.883 0 -22.589
2 24 -172.669 -8 -24.158 -182.44 -8 -25.818
2 24 -173.755 -8 -17.581 -183.587 -8 -19.252
5 24 -173.755 -8 -17.581 -173.755 -16 -17.581 -183.587 -8 -19.252 -163.908 -8 -16.003
2 24 -173.755 -16 -17.581 -183.587 -16 -19.252
2 24 -174.841 -16 -11.002 -184.735 -16 -12.683
5 24 -174.841 -16 -11.002 -174.841 -8 -11.002 -184.735 -16 -12.683 -164.932 -16 -9.414
2 24 -174.841 -8 -11.002 -184.735 -8 -12.683
2 24 -175.927 -8 -4.425 -185.882 -8 -6.117
5 24 -175.927 -8 -4.425 -175.927 0 -4.425 -185.882 -8 -6.117 -165.956 -8 -2.827
2 24 -175.927 0 -4.425 -185.882 0 -6.117
2 24 -174.276 0 -8.212 -186.217 0 -10.241
2 24 -174.276 0 -8.212 -174.276 -5 -8.212
2 24 -174.276 -5 -8.212 -186.217 -5 -10.241
2 24 -186.217 -5 -10.241 -186.217 0 -10.241
2 24 -174.276 -5 -8.212 -172.377 -5 -20.06
2 24 -172.377 -5 -20.06 -184.096 -5 -22.052
2 24 -184.096 -5 -22.052 -186.217 -5 -10.241
2 24 -172.377 -5 -20.06 -172.377 0 -20.06
2 24 -172.377 0 -20.06 -184.096 0 -22.052
2 24 -184.096 0 -22.052 -184.096 -5 -22.052
2 24 -172.669 0 -24.158 -162.883 0 -22.589
5 24 -162.883 0 -22.589 -162.883 -8 -22.589 -172.669 0 -24.158 -153.083 0 -21.112
2 24 -162.883 -8 -22.589 -172.669 -8 -24.158
2 24 -163.908 -8 -16.003 -173.755 -8 -17.581
5 24 -163.908 -8 -16.003 -163.908 -16 -16.003 -173.755 -8 -17.581 -154.046 -8 -14.516
2 24 -163.908 -16 -16.003 -173.755 -16 -17.581
2 24 -164.932 -16 -9.414 -174.841 -16 -11.002
5 24 -164.932 -16 -9.414 -164.932 -8 -9.414 -174.841 -16 -11.002 -155.009 -16 -7.918
2 24 -164.932 -8 -9.414 -174.841 -8 -11.002
2 24 -165.956 -8 -2.827 -175.927 -8 -4.425
5 24 -165.956 -8 -2.827 -165.956 0 -2.827 -175.927 -8 -4.425 -155.971 -8 -1.322
2 24 -165.956 0 -2.827 -175.927 0 -4.425
2 24 -162.883 0 -22.589 -153.083 0 -21.112
5 24 -153.083 0 -21.112 -153.083 -8 -21.112 -162.883 0 -22.589 -143.269 0 -19.727
2 24 -153.083 -8 -21.112 -162.883 -8 -22.589
2 24 -154.046 -8 -14.516 -163.908 -8 -16.003
5 24 -154.046 -8 -14.516 -154.046 -16 -14.516 -163.908 -8 -16.003 -144.17 -8 -13.122
2 24 -154.046 -16 -14.516 -163.908 -16 -16.003
2 24 -155.009 -16 -7.918 -164.932 -16 -9.414
5 24 -155.009 -16 -7.918 -155.009 -8 -7.918 -164.932 -16 -9.414 -145.072 -16 -6.515
2 24 -155.009 -8 -7.918 -164.932 -8 -9.414
2 24 -155.971 -8 -1.322 -165.956 -8 -2.827
5 24 -155.971 -8 -1.322 -155.971 0 -1.322 -165.956 -8 -2.827 -145.973 -8 0.09
2 24 -155.971 0 -1.322 -165.956 0 -2.827
2 24 -155.394 0 -5.28 -166.377 0 -6.945
5 24 -155.394 0 -5.28 -155.394 -5 -5.28 -166.377 0 -6.945 -145.432 0 -3.874
2 24 -155.394 -5 -5.28 -166.377 -5 -6.945
2 24 -166.377 -5 -6.945 -166.377 0 -6.945
2 24 -153.661 -5 -17.154 -164.478 -5 -18.794
2 24 -164.478 -5 -18.794 -166.377 -5 -6.945
5 24 -153.661 -5 -17.154 -153.661 0 -17.154 -164.478 -5 -18.794 -143.81 -5 -15.763
2 24 -153.661 0 -17.154 -164.478 0 -18.794
2 24 -164.478 0 -18.794 -164.478 -5 -18.794
2 24 -153.083 0 -21.112 -143.269 0 -19.727
5 24 -143.269 0 -19.727 -143.269 -8 -19.727 -153.083 0 -21.112 -133.443 0 -18.433
2 24 -143.269 -8 -19.727 -153.083 -8 -21.112
2 24 -144.17 -8 -13.122 -154.046 -8 -14.516
5 24 -144.17 -8 -13.122 -144.17 -16 -13.122 -154.046 -8 -14.516 -134.282 -8 -11.82
2 24 -144.17 -16 -13.122 -154.046 -16 -14.516
2 24 -145.072 -16 -6.515 -155.009 -16 -7.918
5 24 -145.072 -16 -6.515 -145.072 -8 -6.515 -155.009 -16 -7.918 -135.122 -16 -5.205
2 24 -145.072 -8 -6.515 -155.009 -8 -7.918
2 24 -145.973 -8 0.09 -155.971 -8 -1.322
5 24 -145.973 -8 0.09 -145.973 0 0.09 -155.971 -8 -1.322 -135.961 -8 1.408
2 24 -145.973 0 0.09 -155.971 0 -1.322
2 24 -145.432 0 -3.874 -155.394 0 -5.28
5 24 -145.432 0 -3.874 -145.432 -5 -3.874 -155.394 0 -5.28 -135.457 0 -2.56
2 24 -145.432 -5 -3.874 -155.394 -5 -5.28
2 24 -143.81 -5 -15.763 -153.661 -5 -17.154
5 24 -143.81 -5 -15.763 -143.81 0 -15.763 -153.661 -5 -17.154 -133.947 -5 -14.465
2 24 -143.81 0 -15.763 -153.661 0 -17.154
2 24 -143.269 0 -19.727 -133.443 0 -18.433
5 24 -133.443 0 -18.433 -133.443 -8 -18.433 -143.269 0 -19.727 -123.605 0 -17.231
2 24 -133.443 -8 -18.433 -143.269 -8 -19.727
2 24 -134.282 -8 -11.82 -144.17 -8 -13.122
5 24 -134.282 -8 -11.82 -134.282 -16 -11.82 -144.17 -8 -13.122 -124.383 -8 -10.611
2 24 -134.282 -16 -11.82 -144.17 -16 -13.122
2 24 -135.122 -16 -5.205 -145.072 -16 -6.515
5 24 -135.122 -16 -5.205 -135.122 -8 -5.205 -145.072 -16 -6.515 -125.16 -16 -3.988
2 24 -135.122 -8 -5.205 -145.072 -8 -6.515
2 24 -135.961 -8 1.408 -145.973 -8 0.09
5 24 -135.961 -8 1.408 -135.961 0 1.408 -145.973 -8 0.09 -125.938 -8 2.632
2 24 -135.961 0 1.408 -145.973 0 0.09
2 24 -135.457 0 -2.56 -145.432 0 -3.874
5 24 -135.457 0 -2.56 -135.457 -5 -2.56 -145.432 0 -3.874 -125.471 0 -1.341
2 24 -135.457 -5 -2.56 -145.432 -5 -3.874
2 24 -133.947 -5 -14.465 -143.81 -5 -15.763
5 24 -133.947 -5 -14.465 -133.947 0 -14.465 -143.81 -5 -15.763 -124.072 -5 -13.259
2 24 -133.947 0 -14.465 -143.81 0 -15.763
2 24 -133.443 0 -18.433 -123.605 0 -17.231
5 24 -123.605 0 -17.231 -123.605 -8 -17.231 -133.443 0 -18.433 -113.757 0 -16.122
2 24 -123.605 -8 -17.231 -133.443 -8 -18.433
2 24 -124.383 -8 -10.611 -134.282 -8 -11.82
5 24 -124.383 -8 -10.611 -124.383 -16 -10.611 -134.282 -8 -11.82 -114.472 -8 -9.494
2 24 -124.383 -16 -10.611 -134.282 -16 -11.82
2 24 -125.16 -16 -3.988 -135.122 -16 -5.205
5 24 -125.16 -16 -3.988 -125.16 -8 -3.988 -135.122 -16 -5.205 -115.188 -16 -2.865
2 24 -125.16 -8 -3.988 -135.122 -8 -5.205
2 24 -125.938 -8 2.632 -135.961 -8 1.408
5 24 -125.938 -8 2.632 -125.938 0 2.632 -135.961 -8 1.408 -115.903 -8 3.763
2 24 -125.938 0 2.632 -135.961 0 1.408
2 24 -125.471 0 -1.341 -135.457 0 -2.56
5 24 -125.471 0 -1.341 -125.471 -5 -1.341 -135.457 0 -2.56 -115.474 0 -0.214
2 24 -125.471 -5 -1.341 -135.457 -5 -2.56
2 24 -124.072 -5 -13.259 -133.947 -5 -14.465
5 24 -124.072 -5 -13.259 -124.072 0 -13.259 -133.947 -5 -14.465 -114.186 -5 -12.145
2 24 -124.072 0 -13.259 -133.947 0 -14.465
2 24 -123.605 0 -17.231 -113.757 0 -16.122
5 24 -113.757 0 -16.122 -113.757 -8 -16.122 -123.605 0 -17.231 -103.898 0 -15.104
2 24 -113.757 -8 -16.122 -123.605 -8 -17.231
2 24 -114.472 -8 -9.494 -124.383 -8 -10.611
5 24 -114.472 -8 -9.494 -114.472 -16 -9.494 -124.383 -8 -10.611 -104.552 -8 -8.47
2 24 -114.472 -16 -9.494 -124.383 -16 -10.611
2 24 -115.188 -16 -2.865 -125.16 -16 -3.988
5 24 -115.188 -16 -2.865 -115.188 -8 -2.865 -125.16 -16 -3.988 -105.205 -16 -1.834
2 24 -115.188 -8 -2.865 -125.16 -8 -3.988
2 24 -115.903 -8 3.763 -125.938 -8 2.632
5 24 -115.903 -8 3.763 -115.903 0 3.763 -125.938 -8 2.632 -105.859 -8 4.8
2 24 -115.903 0 3.763 -125.938 0 2.632
2 24 -115.474 0 -0.214 -125.471 0 -1.341
5 24 -115.474 0 -0.214 -115.474 -5 -0.214 -125.471 0 -1.341 -105.466 0 0.819
2 24 -115.474 -5 -0.214 -125.471 -5 -1.341
2 24 -114.186 -5 -12.145 -124.072 -5 -13.259
5 24 -114.186 -5 -12.145 -114.186 0 -12.145 -124.072 -5 -13.259 -104.29 -5 -11.123
2 24 -114.186 0 -12.145 -124.072 0 -13.259
2 24 -113.757 0 -16.122 -103.898 0 -15.104
5 24 -103.898 0 -15.104 -103.898 -8 -15.104 -113.757 0 -16.122 -94.031 0 -14.179
2 24 -103.898 -8 -15.104 -113.757 -8 -16.122
2 24 -104.552 -8 -8.47 -114.472 -8 -9.494
5 24 -104.552 -8 -8.47 -104.552 -16 -8.47 -114.472 -8 -9.494 -94.622 -8 -7.539
2 24 -104.552 -16 -8.47 -114.472 -16 -9.494
2 24 -105.205 -16 -1.834 -115.188 -16 -2.865
5 24 -105.205 -16 -1.834 -105.205 -8 -1.834 -115.188 -16 -2.865 -95.213 -16 -0.897
2 24 -105.205 -8 -1.834 -115.188 -8 -2.865
2 24 -105.859 -8 4.8 -115.903 -8 3.763
5 24 -105.859 -8 4.8 -105.859 0 4.8 -115.903 -8 3.763 -95.805 -8 5.742
2 24 -105.859 0 4.8 -115.903 0 3.763
2 24 -105.466 0 0.819 -115.474 0 -0.214
5 24 -105.466 0 0.819 -105.466 -5 0.819 -115.474 0 -0.214 -95.45 0 1.758
2 24 -105.466 -5 0.819 -115.474 -5 -0.214
2 24 -104.29 -5 -11.123 -114.186 -5 -12.145
5 24 -104.29 -5 -11.123 -104.29 0 -11.123 -114.186 -5 -12.145 -94.385 -5 -10.195
2 24 -104.29 0 -11.123 -114.186 0 -12.145
2 24 -103.898 0 -15.104 -94.031 0 -14.179
5 24 -94.031 0 -14.179 -94.031 -8 -14.179 -103.898 0 -15.104 -84.155 0 -13.346
2 24 -94.031 -8 -14.179 -103.898 -8 -15.104
2 24 -94.622 -8 -7.539 -104.552 -8 -8.47
5 24 -94.622 -8 -7.539 -94.622 -16 -7.539 -104.552 -8 -8.47 -84.684 -8 -6.701
2 24 -94.622 -16 -7.539 -104.552 -16 -8.47
2 24 -95.213 -16 -0.897 -105.205 -16 -1.834
5 24 -95.213 -16 -0.897 -95.213 -8 -0.897 -105.205 -16 -1.834 -85.213 -16 -0.054
2 24 -95.213 -8 -0.897 -105.205 -8 -1.834
2 24 -95.805 -8 5.742 -105.859 -8 4.8
5 24 -95.805 -8 5.742 -95.805 0 5.742 -105.859 -8 4.8 -85.742 -8 6.591
2 24 -95.805 0 5.742 -105.859 0 4.8
2 24 -95.45 0 1.758 -105.466 0 0.819
5 24 -95.45 0 1.758 -95.45 -5 1.758 -105.466 0 0.819 -85.425 0 2.604
2 24 -95.45 -5 1.758 -105.466 -5 0.819
2 24 -94.385 -5 -10.195 -104.29 -5 -11.123
5 24 -94.385 -5 -10.195 -94.385 0 -10.195 -104.29 -5 -11.123 -84.472 -5 -9.358
2 24 -94.385 0 -10.195 -104.29 0 -11.123
2 24 -94.031 0 -14.179 -84.155 0 -13.346
5 24 -84.155 0 -13.346 -84.155 -8 -13.346 -94.031 0 -14.179 -74.271 0 -12.605
2 24 -84.155 -8 -13.346 -94.031 -8 -14.179
2 24 -84.684 -8 -6.701 -94.622 -8 -7.539
5 24 -84.684 -8 -6.701 -84.684 -16 -6.701 -94.622 -8 -7.539 -74.738 -8 -5.956
2 24 -84.684 -16 -6.701 -94.622 -16 -7.539
2 24 -85.213 -16 -0.054 -95.213 -16 -0.897
5 24 -85.213 -16 -0.054 -85.213 -8 -0.054 -95.213 -16 -0.897 -75.206 -16 0.696
2 24 -85.213 -8 -0.054 -95.213 -8 -0.897
2 24 -85.742 -8 6.591 -95.805 -8 5.742
5 24 -85.742 -8 6.591 -85.742 0 6.591 -95.805 -8 5.742 -75.673 -8 7.346
2 24 -85.742 0 6.591 -95.805 0 5.742
2 24 -85.425 0 2.604 -95.45 0 1.758
5 24 -85.425 0 2.604 -85.425 -5 2.604 -95.45 0 1.758 -75.392 0 3.355
2 24 -85.425 -5 2.604 -95.45 -5 1.758
2 24 -84.472 -5 -9.358 -94.385 -5 -10.195
5 24 -84.472 -5 -9.358 -84.472 0 -9.358 -94.385 -5 -10.195 -74.552 -5 -8.615
2 24 -84.472 0 -9.358 -94.385 0 -10.195
2 24 -84.155 0 -13.346 -74.271 0 -12.605
5 24 -74.271 0 -12.605 -74.271 -8 -12.605 -84.155 0 -13.346 -64.382 0 -11.957
2 24 -74.271 -8 -12.605 -84.155 -8 -13.346
2 24 -74.738 -8 -5.956 -84.684 -8 -6.701
5 24 -74.738 -8 -5.956 -74.738 -16 -5.956 -84.684 -8 -6.701 -64.787 -8 -5.303
2 24 -74.738 -16 -5.956 -84.684 -16 -6.701
2 24 -75.206 -16 0.696 -85.213 -16 -0.054
5 24 -75.206 -16 0.696 -75.206 -8 0.696 -85.213 -16 -0.054 -65.192 -16 1.352
2 24 -75.206 -8 0.696 -85.213 -8 -0.054
2 24 -75.673 -8 7.346 -85.742 -8 6.591
5 24 -75.673 -8 7.346 -75.673 0 7.346 -85.742 -8 6.591 -65.596 -8 8.006
2 24 -75.673 0 7.346 -85.742 0 6.591
2 24 -75.392 0 3.355 -85.425 0 2.604
5 24 -75.392 0 3.355 -75.392 -5 3.355 -85.425 0 2.604 -65.353 0 4.013
2 24 -75.392 -5 3.355 -85.425 -5 2.604
2 24 -74.552 -5 -8.615 -84.472 -5 -9.358
5 24 -74.552 -5 -8.615 -74.552 0 -8.615 -84.472 -5 -9.358 -64.625 -5 -7.964
2 24 -74.552 0 -8.615 -84.472 0 -9.358
2 24 -74.271 0 -12.605 -64.382 0 -11.957
5 24 -64.382 0 -11.957 -64.382 -8 -11.957 -74.271 0 -12.605 -54.486 0 -11.401
2 24 -64.382 -8 -11.957 -74.271 -8 -12.605
2 24 -64.787 -8 -5.303 -74.738 -8 -5.956
5 24 -64.787 -8 -5.303 -64.787 -16 -5.303 -74.738 -8 -5.956 -54.829 -8 -4.744
2 24 -64.787 -16 -5.303 -74.738 -16 -5.956
2 24 -65.192 -16 1.352 -75.206 -16 0.696
5 24 -65.192 -16 1.352 -65.192 -8 1.352 -75.206 -16 0.696 -55.172 -16 1.915
2 24 -65.192 -8 1.352 -75.206 -8 0.696
2 24 -65.596 -8 8.006 -75.673 -8 7.346
5 24 -65.596 -8 8.006 -65.596 0 8.006 -75.673 -8 7.346 -55.514 -8 8.572
2 24 -65.596 0 8.006 -75.673 0 7.346
2 24 -65.353 0 4.013 -75.392 0 3.355
5 24 -65.353 0 4.013 -65.353 -5 4.013 -75.392 0 3.355 -55.309 0 4.578
2 24 -65.353 -5 4.013 -75.392 -5 3.355
2 24 -64.625 -5 -7.964 -74.552 -5 -8.615
5 24 -64.625 -5 -7.964 -64.625 0 -7.964 -74.552 -5 -8.615 -54.692 -5 -7.407
2 24 -64.625 0 -7.964 -74.552 0 -8.615
2 24 -64.382 0 -11.957 -54.486 0 -11.401
5 24 -54.486 0 -11.401 -54.486 -8 -11.401 -64.382 0 -11.957 -44.586 0 -10.938
2 24 -54.486 -8 -11.401 -64.382 -8 -11.957
2 24 -54.829 -8 -4.744 -64.787 -8 -5.303
5 24 -54.829 -8 -4.744 -54.829 -16 -4.744 -64.787 -8 -5.303 -44.867 -8 -4.278
2 24 -54.829 -16 -4.744 -64.787 -16 -5.303
2 24 -55.172 -16 1.915 -65.192 -16 1.352
5 24 -55.172 -16 1.915 -55.172 -8 1.915 -65.192 -16 1.352 -45.147 -16 2.384
2 24 -55.172 -8 1.915 -65.192 -8 1.352
2 24 -55.514 -8 8.572 -65.596 -8 8.006
5 24 -55.514 -8 8.572 -55.514 0 8.572 -65.596 -8 8.006 -45.427 -8 9.044
2 24 -55.514 0 8.572 -65.596 0 8.006
2 24 -55.309 0 4.578 -65.353 0 4.013
5 24 -55.309 0 4.578 -55.309 -5 4.578 -65.353 0 4.013 -45.259 0 5.048
2 24 -55.309 -5 4.578 -65.353 -5 4.013
2 24 -54.692 -5 -7.407 -64.625 -5 -7.964
5 24 -54.692 -5 -7.407 -54.692 0 -7.407 -64.625 -5 -7.964 -44.754 -5 -6.942
2 24 -54.692 0 -7.407 -64.625 0 -7.964
2 24 -54.486 0 -11.401 -44.586 0 -10.938
5 24 -44.586 0 -10.938 -44.586 -8 -10.938 -54.486 0 -11.401 -34.682 0 -10.568
2 24 -44.586 -8 -10.938 -54.486 -8 -11.401
2 24 -44.867 -8 -4.278 -54.829 -8 -4.744
5 24 -44.867 -8 -4.278 -44.867 -16 -4.278 -54.829 -8 -4.744 -34.9 -8 -3.905
2 24 -44.867 -16 -4.278 -54.829 -16 -4.744
2 24 -45.147 -16 2.384 -55.172 -16 1.915
5 24 -45.147 -16 2.384 -45.147 -8 2.384 -55.172 -16 1.915 -35.119 -16 2.759
2 24 -45.147 -8 2.384 -55.172 -8 1.915
2 24 -45.427 -8 9.044 -55.514 -8 8.572
5 24 -45.427 -8 9.044 -45.427 0 9.044 -55.514 -8 8.572 -35.337 -8 9.422
2 24 -45.427 0 9.044 -55.514 0 8.572
2 24 -45.259 0 5.048 -55.309 0 4.578
5 24 -45.259 0 5.048 -45.259 -5 5.048 -55.309 0 4.578 -35.206 0 5.424
2 24 -45.259 -5 5.048 -55.309 -5 4.578
2 24 -44.754 -5 -6.942 -54.692 -5 -7.407
5 24 -44.754 -5 -6.942 -44.754 0 -6.942 -54.692 -5 -7.407 -34.813 -5 -6.57
2 24 -44.754 0 -6.942 -54.692 0 -7.407
2 24 -44.586 0 -10.938 -34.682 0 -10.568
5 24 -34.682 0 -10.568 -34.682 -8 -10.568 -44.586 0 -10.938 -24.775 0 -10.29
2 24 -34.682 -8 -10.568 -44.586 -8 -10.938
2 24 -34.9 -8 -3.905 -44.867 -8 -4.278
5 24 -34.9 -8 -3.905 -34.9 -16 -3.905 -44.867 -8 -4.278 -24.931 -8 -3.625
2 24 -34.9 -16 -3.905 -44.867 -16 -4.278
2 24 -35.119 -16 2.759 -45.147 -16 2.384
5 24 -35.119 -16 2.759 -35.119 -8 2.759 -45.147 -16 2.384 -25.087 -16 3.041
2 24 -35.119 -8 2.759 -45.147 -8 2.384
2 24 -35.337 -8 9.422 -45.427 -8 9.044
5 24 -35.337 -8 9.422 -35.337 0 9.422 -45.427 -8 9.044 -25.243 -8 9.705
2 24 -35.337 0 9.422 -45.427 0 9.044
2 24 -35.206 0 5.424 -45.259 0 5.048
5 24 -35.206 0 5.424 -35.206 -5 5.424 -45.259 0 5.048 -25.149 0 5.706
2 24 -35.206 -5 5.424 -45.259 -5 5.048
2 24 -34.813 -5 -6.57 -44.754 -5 -6.942
5 24 -34.813 -5 -6.57 -34.813 0 -6.57 -44.754 -5 -6.942 -24.869 -5 -6.291
2 24 -34.813 0 -6.57 -44.754 0 -6.942
2 24 -34.682 0 -10.568 -24.775 0 -10.29
5 24 -24.775 0 -10.29 -24.775 -8 -10.29 -34.682 0 -10.568 -14.866 0 -10.104
2 24 -24.775 -8 -10.29 -34.682 -8 -10.568
2 24 -24.931 -8 -3.625 -34.9 -8 -3.905
5 24 -24.931 -8 -3.625 -24.931 -16 -3.625 -34.9 -8 -3.905 -14.959 -8 -3.439
2 24 -24.931 -16 -3.625 -34.9 -16 -3.905
2 24 -25.087 -16 3.041 -35.119 -16 2.759
5 24 -25.087 -16 3.041 -25.087 -8 3.041 -35.119 -16 2.759 -15.053 -16 3.228
2 24 -25.087 -8 3.041 -35.119 -8 2.759
2 24 -25.243 -8 9.705 -35.337 -8 9.422
5 24 -25.243 -8 9.705 -25.243 0 9.705 -35.337 -8 9.422 -15.146 -8 9.894
2 24 -25.243 0 9.705 -35.337 0 9.422
2 24 -25.149 0 5.706 -35.206 0 5.424
5 24 -25.149 0 5.706 -25.149 -5 5.706 -35.206 0 5.424 -15.09 0 5.894
2 24 -25.149 -5 5.706 -35.206 -5 5.424
2 24 -24.869 -5 -6.291 -34.813 -5 -6.57
5 24 -24.869 -5 -6.291 -24.869 0 -6.291 -34.813 -5 -6.57 -14.922 -5 -6.105
2 24 -24.869 0 -6.291 -34.813 0 -6.57
2 24 -24.775 0 -10.29 -14.866 0 -10.104
5 24 -14.866 0 -10.104 -14.866 -8 -10.104 -24.775 0 -10.29 -4.955 0 -10.012
2 24 -14.866 -8 -10.104 -24.775 -8 -10.29
2 24 -14.959 -8 -3.439 -24.931 -8 -3.625
5 24 -14.959 -8 -3.439 -14.959 -16 -3.439 -24.931 -8 -3.625 -4.987 -8 -3.346
2 24 -14.959 -16 -3.439 -24.931 -16 -3.625
2 24 -15.053 -16 3.228 -25.087 -16 3.041
5 24 -15.053 -16 3.228 -15.053 -8 3.228 -25.087 -16 3.041 -5.018 -16 3.322
2 24 -15.053 -8 3.228 -25.087 -8 3.041
2 24 -15.146 -8 9.894 -25.243 -8 9.705
5 24 -15.146 -8 9.894 -15.146 0 9.894 -25.243 -8 9.705 -5.049 -8 9.988
2 24 -15.146 0 9.894 -25.243 0 9.705
2 24 -15.09 0 5.894 -25.149 0 5.706
5 24 -15.09 0 5.894 -15.09 -5 5.894 -25.149 0 5.706 -4 0 5.988
2 24 -15.09 -5 5.894 -25.149 -5 5.706
2 24 -14.922 -5 -6.105 -24.869 -5 -6.291
5 24 -14.922 -5 -6.105 -14.922 0 -6.105 -24.869 -5 -6.291 -4 -5 -6.012
2 24 -14.922 0 -6.105 -24.869 0 -6.291
2 24 -14.866 0 -10.104 -4.955 0 -10.012
5 24 -4.955 0 -10.012 -4.955 -8 -10.012 -14.866 0 -10.104 4.955 0 -10.012
2 24 -4.955 -8 -10.012 -14.866 -8 -10.104
2 24 -4.987 -8 -3.346 -14.959 -8 -3.439
5 24 -4.987 -8 -3.346 -4.987 -16 -3.346 -14.959 -8 -3.439 4.987 -8 -3.346
2 24 -4.987 -16 -3.346 -14.959 -16 -3.439
2 24 -5.018 -16 3.322 -15.053 -16 3.228
5 24 -5.018 -16 3.322 -5.018 -8 3.322 -15.053 -16 3.228 5.018 -16 3.322
2 24 -5.018 -8 3.322 -15.053 -8 3.228
2 24 -5.049 -8 9.988 -15.146 -8 9.894
5 24 -5.049 -8 9.988 -5.049 0 9.988 -15.146 -8 9.894 5.049 -8 9.988
2 24 -5.049 0 9.988 -15.146 0 9.894
2 24 -4 0 5.988 -15.09 0 5.894
2 24 -4 0 5.988 -4 -5 5.988
2 24 -4 -5 5.988 -15.09 -5 5.894
2 24 -4 -5 5.988 -4 -5 -6.012
2 24 -4 -5 -6.012 -14.922 -5 -6.105
2 24 -4 -5 -6.012 -4 0 -6.012
2 24 -4 0 -6.012 -14.922 0 -6.105
2 24 -4.955 0 -10.012 4.955 0 -10.012
5 24 4.955 0 -10.012 4.955 -8 -10.012 -4.955 0 -10.012 14.866 0 -10.104
2 24 4.955 -8 -10.012 -4.955 -8 -10.012
2 24 4.987 -8 -3.346 -4.987 -8 -3.346
5 24 4.987 -8 -3.346 4.987 -16 -3.346 -4.987 -8 -3.346 14.959 -8 -3.439
2 24 4.987 -16 -3.346 -4.987 -16 -3.346
2 24 5.018 -16 3.322 -5.018 -16 3.322
5 24 5.018 -16 3.322 5.018 -8 3.322 -5.018 -16 3.322 15.053 -16 3.228
2 24 5.018 -8 3.322 -5.018 -8 3.322
2 24 5.049 -8 9.988 -5.049 -8 9.988
5 24 5.049 -8 9.988 5.049 0 9.988 -5.049 -8 9.988 15.146 -8 9.894
2 24 5.049 0 9.988 -5.049 0 9.988
2 24 4.955 0 -10.012 14.866 0 -10.104
5 24 14.866 0 -10.104 14.866 -8 -10.104 4.955 0 -10.012 24.775 0 -10.29
2 24 14.866 -8 -10.104 4.955 -8 -10.012
2 24 14.959 -8 -3.439 4.987 -8 -3.346
5 24 14.959 -8 -3.439 14.959 -16 -3.439 4.987 -8 -3.346 24.931 -8 -3.625
2 24 14.959 -16 -3.439 4.987 -16 -3.346
2 24 15.053 -16 3.228 5.018 -16 3.322
5 24 15.053 -16 3.228 15.053 -8 3.228 5.018 -16 3.322 25.087 -16 3.041
2 24 15.053 -8 3.228 5.018 -8 3.322
2 24 15.146 -8 9.894 5.049 -8 9.988
5 24 15.146 -8 9.894 15.146 0 9.894 5.049 -8 9.988 25.243 -8 9.705
2 24 15.146 0 9.894 5.049 0 9.988
2 24 15.09 0 5.894 4 0 5.988
5 24 15.09 0 5.894 15.09 -5 5.894 4 0 5.988 25.149 0 5.706
2 24 15.09 -5 5.894 4 -5 5.988
2 24 4 -5 5.988 4 0 5.988
2 24 14.922 -5 -6.105 4 -5 -6.012
2 24 4 -5 -6.012 4 -5 5.988
5 24 14.922 -5 -6.105 14.922 0 -6.105 4 -5 -6.012 24.869 -5 -6.291
2 24 14.922 0 -6.105 4 0 -6.012
2 24 4 0 -6.012 4 -5 -6.012
2 24 14.866 0 -10.104 24.775 0 -10.29
5 24 24.775 0 -10.29 24.775 -8 -10.29 14.866 0 -10.104 34.682 0 -10.568
2 24 24.775 -8 -10.29 14.866 -8 -10.104
2 24 24.931 -8 -3.625 14.959 -8 -3.439
5 24 24.931 -8 -3.625 24.931 -16 -3.625 14.959 -8 -3.439 34.9 -8 -3.905
2 24 24.931 -16 -3.625 14.959 -16 -3.439
2 24 25.087 -16 3.041 15.053 -16 3.228
5 24 25.087 -16 3.041 25.087 -8 3.041 15.053 -16 3.228 35.119 -16 2.759
2 24 25.087 -8 3.041 15.053 -8 3.228
2 24 25.243 -8 9.705 15.146 -8 9.894
5 24 25.243 -8 9.705 25.243 0 9.705 15.146 -8 9.894 35.337 -8 9.422
2 24 25.243 0 9.705 15.146 0 9.894
2 24 25.149 0 5.706 15.09 0 5.894
5 24 25.149 0 5.706 25.149 -5 5.706 15.09 0 5.894 35.206 0 5.424
2 24 25.149 -5 5.706 15.09 -5 5.894
2 24 24.869 -5 -6.291 14.922 -5 -6.105
5 24 24.869 -5 -6.291 24.869 0 -6.291 14.922 -5 -6.105 34.813 -5 -6.57
2 24 24.869 0 -6.291 14.922 0 -6.105
2 24 24.775 0 -10.29 34.682 0 -10.568
5 24 34.682 0 -10.568 34.682 -8 -10.568 24.775 0 -10.29 44.586 0 -10.938
2 24 34.682 -8 -10.568 24.775 -8 -10.29
2 24 34.9 -8 -3.905 24.931 -8 -3.625
5 24 34.9 -8 -3.905 34.9 -16 -3.905 24.931 -8 -3.625 44.867 -8 -4.278
2 24 34.9 -16 -3.905 24.931 -16 -3.625
2 24 35.119 -16 2.759 25.087 -16 3.041
5 24 35.119 -16 2.759 35.119 -8 2.759 25.087 -16 3.041 45.147 -16 2.384
2 24 35.119 -8 2.759 25.087 -8 3.041
2 24 35.337 -8 9.422 25.243 -8 9.705
5 24 35.337 -8 9.422 35.337 0 9.422 25.243 -8 9.705 45.427 -8 9.044
2 24 35.337 0 9.422 25.243 0 9.705
2 24 35.206 0 5.424 25.149 0 5.706
5 24 35.206 0 5.424 35.206 -5 5.424 25.149 0 5.706 45.259 0 5.048
2 24 35.206 -5 5.424 25.149 -5 5.706
2 24 34.813 -5 -6.57 24.869 -5 -6.291
5 24 34.813 -5 -6.57 34.813 0 -6.57 24.869 -5 -6.291 44.754 -5 -6.942
2 24 34.813 0 -6.57 24.869 0 -6.291
2 24 34.682 0 -10.568 44.586 0 -10.938
5 24 44.586 0 -10.938 44.586 -8 -10.938 34.682 0 -10.568 54.486 0 -11.401
2 24 44.586 -8 -10.938 34.682 -8 -10.568
2 24 44.867 -8 -4.278 34.9 -8 -3.905
5 24 44.867 -8 -4.278 44.867 -16 -4.278 34.9 -8 -3.905 54.829 -8 -4.744
2 24 44.867 -16 -4.278 34.9 -16 -3.905
2 24 45.147 -16 2.384 35.119 -16 2.759
5 24 45.147 -16 2.384 45.147 -8 2.384 35.119 -16 2.759 55.172 -16 1.915
2 24 45.147 -8 2.384 35.119 -8 2.759
2 24 45.427 -8 9.044 35.337 -8 9.422
5 24 45.427 -8 9.044 45.427 0 9.044 35.337 -8 9.422 55.514 -8 8.572
2 24 45.427 0 9.044 35.337 0 9.422
2 24 45.259 0 5.048 35.206 0 5.424
5 24 45.259 0 5.048 45.259 -5 5.048 35.206 0 5.424 55.309 0 4.578
2 24 45.259 -5 5.048 35.206 -5 5.424
2 24 44.754 -5 -6.942 34.813 -5 -6.57
5 24 44.754 -5 -6.942 44.754 0 -6.942 34.813 -5 -6.57 54.692 -5 -7.407
2 24 44.754 0 -6.942 34.813 0 -6.57
2 24 44.586 0 -10.938 54.486 0 -11.401
5 24 54.486 0 -11.401 54.486 -8 -11.401 44.586 0 -10.938 64.382 0 -11.957
2 24 54.486 -8 -11.401 44.586 -8 -10.938
2 24 54.829 -8 -4.744 44.867 -8 -4.278
5 24 54.829 -8 -4.744 54.829 -16 -4.744 44.867 -8 -4.278 64.787 -8 -5.303
2 24 54.829 -16 -4.744 44.867 -16 -4.278
2 24 55.172 -16 1.915 45.147 -16 2.384
5 24 55.172 -16 1.915 55.172 -8 1.915 45.147 -16 2.384 65.192 -16 1.352
2 24 55.172 -8 1.915 45.147 -8 2.384
2 24 55.514 -8 8.572 45.427 -8 9.044
5 24 55.514 -8 8.572 55.514 0 8.572 45.427 -8 9.044 65.596 -8 8.006
2 24 55.514 0 8.572 45.427 0 9.044
2 24 55.309 0 4.578 45.259 0 5.048
5 24 55.309 0 4.578 55.309 -5 4.578 45.259 0 5.048 65.353 0 4.013
2 24 55.309 -5 4.578 45.259 -5 5.048
2 24 54.692 -5 -7.407 44.754 -5 -6.942
5 24 54.692 -5 -7.407 54.692 0 -7.407 44.754 -5 -6.942 64.625 -5 -7.964
2 24 54.692 0 -7.407 44.754 0 -6.942
2 24 54.486 0 -11.401 64.382 0 -11.957
5 24 64.382 0 -11.957 64.382 -8 -11.957 54.486 0 -11.401 74.271 0 -12.605
2 24 64.382 -8 -11.957 54.486 -8 -11.401
2 24 64.787 -8 -5.303 54.829 -8 -4.744
5 24 64.787 -8 -5.303 64.787 -16 -5.303 54.829 -8 -4.744 74.738 -8 -5.956
2 24 64.787 -16 -5.303 54.829 -16 -4.744
2 24 65.192 -16 1.352 55.172 -16 1.915
5 24 65.192 -16 1.352 65.192 -8 1.352 55.172 -16 1.915 75.206 -16 0.696
2 24 65.192 -8 1.352 55.172 -8 1.915
2 24 65.596 -8 8.006 55.514 -8 8.572
5 24 65.596 -8 8.006 65.596 0 8.006 55.514 -8 8.572 75.673 -8 7.346
2 24 65.596 0 8.006 55.514 0 8.572
2 24 65.353 0 4.013 55.309 0 4.578
5 24 65.353 0 4.013 65.353 -5 4.013 55.309 0 4.578 75.392 0 3.355
2 24 65.353 -5 4.013 55.309 -5 4.578
2 24 64.625 -5 -7.964 54.692 -5 -7.407
5 24 64.625 -5 -7.964 64.625 0 -7.964 54.692 -5 -7.407 74.552 -5 -8.615
2 24 64.625 0 -7.964 54.692 0 -7.407
2 24 64.382 0 -11.957 74.271 0 -12.605
5 24 74.271 0 -12.605 74.271 -8 -12.605 64.382 0 -11.957 84.155 0 -13.346
2 24 74.271 -8 -12.605 64.382 -8 -11.957
2 24 74.738 -8 -5.956 64.787 -8 -5.303
5 24 74.738 -8 -5.956 74.738 -16 -5.956 64.787 -8 -5.303 84.684 -8 -6.701
2 24 74.738 -16 -5.956 64.787 -16 -5.303
2 24 75.206 -16 0.696 65.192 -16 1.352
5 24 75.206 -16 0.696 75.206 -8 0.696 65.192 -16 1.352 85.213 -16 -0.054
2 24 75.206 -8 0.696 65.192 -8 1.352
2 24 75.673 -8 7.346 65.596 -8 8.006
5 24 75.673 -8 7.346 75.673 0 7.346 65.596 -8 8.006 85.742 -8 6.591
2 24 75.673 0 7.346 65.596 0 8.006
2 24 75.392 0 3.355 65.353 0 4.013
5 24 75.392 0 3.355 75.392 -5 3.355 65.353 0 4.013 85.425 0 2.604
2 24 75.392 -5 3.355 65.353 -5 4.013
2 24 74.552 -5 -8.615 64.625 -5 -7.964
5 24 74.552 -5 -8.615 74.552 0 -8.615 64.625 -5 -7.964 84.472 -5 -9.358
2 24 74.552 0 -8.615 64.625 0 -7.964
2 24 74.271 0 -12.605 84.155 0 -13.346
5 24 84.155 0 -13.346 84.155 -8 -13.346 74.271 0 -12.605 94.031 0 -14.179
2 24 84.155 -8 -13.346 74.271 -8 -12.605
2 24 84.684 -8 -6.701 74.738 -8 -5.956
5 24 84.684 -8 -6.701 84.684 -16 -6.701 74.738 -8 -5.956 94.622 -8 -7.539
2 24 84.684 -16 -6.701 74.738 -16 -5.956
2 24 85.213 -16 -0.054 75.206 -16 0.696
5 24 85.213 -16 -0.054 85.213 -8 -0.054 75.206 -16 0.696 95.213 -16 -0.897
2 24 85.213 -8 -0.054 75.206 -8 0.696
2 24 85.742 -8 6.591 75.673 -8 7.346
5 24 85.742 -8 6.591 85.742 0 6.591 75.673 -8 7.346 95.805 -8 5.742
2 24 85.742 0 6.591 75.673 0 7.346
2 24 85.425 0 2.604 75.392 0 3.355
5 24 85.425 0 2.604 85.425 -5 2.604 75.392 0 3.355 95.45 0 1.758
2 24 85.425 -5 2.604 75.392 -5 3.355
2 24 84.472 -5 -9.358 74.552 -5 -8.615
5 24 84.472 -5 -9.358 84.472 0 -9.358 74.552 -5 -8.615 94.385 -5 -10.195
2 24 84.472 0 -9.358 74.552 0 -8.615
2 24 84.155 0 -13.346 94.031 0 -14.179
5 24 94.031 0 -14.179 94.031 -8 -14.179 84.155 0 -13.346 103.898 0 -15.104
2 24 94.031 -8 -14.179 84.155 -8 -13.346
2 24 94.622 -8 -7.539 84.684 -8 -6.701
5 24 94.622 -8 -7.539 94.622 -16 -7.539 84.684 -8 -6.701 104.552 -8 -8.47
2 24 94.622 -16 -7.539 84.684 -16 -6.701
2 24 95.213 -16 -0.897 85.213 -16 -0.054
5 24 95.213 -16 -0.897 95.213 -8 -0.897 85.213 -16 -0.054 105.205 -16 -1.834
2 24 95.213 -8 -0.897 85.213 -8 -0.054
2 24 95.805 -8 5.742 85.742 -8 6.591
5 24 95.805 -8 5.742 95.805 0 5.742 85.742 -8 6.591 105.859 -8 4.8
2 24 95.805 0 5.742 85.742 0 6.591
2 24 95.45 0 1.758 85.425 0 2.604
5 24 95.45 0 1.758 95.45 -5 1.758 85.425 0 2.604 105.466 0 0.819
2 24 95.45 -5 1.758 85.425 -5 2.604
2 24 94.385 -5 -10.195 84.472 -5 -9.358
5 24 94.385 -5 -10.195 94.385 0 -10.195 84.472 -5 -9.358 104.29 -5 -11.123
2 24 94.385 0 -10.195 84.472 0 -9.358
2 24 94.031 0 -14.179 103.898 0 -15.104
5 24 103.898 0 -15.104 103.898 -8 -15.104 94.031 0 -14.179 113.757 0 -16.122
2 24 103.898 -8 -15.104 94.031 -8 -14.179
2 24 104.552 -8 -8.47 94.622 -8 -7.539
5 24 104.552 -8 -8.47 104.552 -16 -8.47 94.622 -8 -7.539 114.472 -8 -9.494
2 24 104.552 -16 -8.47 94.622 -16 -7.539
2 24 105.205 -16 -1.834 95.213 -16 -0.897
5 24 105.205 -16 -1.834 105.205 -8 -1.834 95.213 -16 -0.897 115.188 -16 -2.865
2 24 105.205 -8 -1.834 95.213 -8 -0.897
2 24 105.859 -8 4.8 95.805 -8 5.742
5 24 105.859 -8 4.8 105.859 0 4.8 95.805 -8 5.742 115.903 -8 3.763
2 24 105.859 0 4.8 95.805 0 5.742
2 24 105.466 0 0.819 95.45 0 1.758
5 24 105.466 0 0.819 105.466 -5 0.819 95.45 0 1.758 115.474 0 -0.214
2 24 105.466 -5 0.819 95.45 -5 1.758
2 24 104.29 -5 -11.123 94.385 -5 -10.195
5 24 104.29 -5 -11.123 104.29 0 -11.123 94.385 -5 -10.195 114.186 -5 -12.145
2 24 104.29 0 -11.123 94.385 0 -10.195
2 24 103.898 0 -15.104 113.757 0 -16.122
5 24 113.757 0 -16.122 113.757 -8 -16.122 103.898 0 -15.104 123.605 0 -17.231
2 24 113.757 -8 -16.122 103.898 -8 -15.104
2 24 114.472 -8 -9.494 104.552 -8 -8.47
5 24 114.472 -8 -9.494 114.472 -16 -9.494 104.552 -8 -8.47 124.383 -8 -10.611
2 24 114.472 -16 -9.494 104.552 -16 -8.47
2 24 115.188 -16 -2.865 105.205 -16 -1.834
5 24 115.188 -16 -2.865 115.188 -8 -2.865 105.205 -16 -1.834 125.16 -16 -3.988
2 24 115.188 -8 -2.865 105.205 -8 -1.834
2 24 115.903 -8 3.763 105.859 -8 4.8
5 24 115.903 -8 3.763 115.903 0 3.763 105.859 -8 4.8 125.938 -8 2.632
2 24 115.903 0 3.763 105.859 0 4.8
2 24 115.474 0 -0.214 105.466 0 0.819
5 24 115.474 0 -0.214 115.474 -5 -0.214 105.466 0 0.819 125.471 0 -1.341
2 24 115.474 -5 -0.214 105.466 -5 0.819
2 24 114.186 -5 -12.145 104.29 -5 -11.123
5 24 114.186 -5 -12.145 114.186 0 -12.145 104.29 -5 -11.123 124.072 -5 -13.259
2 24 114.186 0 -12.145 104.29 0 -11.123
2 24 113.757 0 -16.122 123.605 0 -17.231
5 24 123.605 0 -17.231 123.605 -8 -17.231 113.757 0 -16.122 133.443 0 -18.433
2 24 123.605 -8 -17.231 113.757 -8 -16.122
2 24 124.383 -8 -10.611 114.472 -8 -9.494
5 24 124.383 -8 -10.611 124.383 -16 -10.611 114.472 -8 -9.494 134.282 -8 -11.82
2 24 124.383 -16 -10.611 114.472 -16 -9.494
2 24 125.16 -16 -3.988 115.188 -16 -2.865
5 24 125.16 -16 -3.988 125.16 -8 -3.988 115.188 -16 -2.865 135.122 -16 -5.205
2 24 125.16 -8 -3.988 115.188 -8 -2.865
2 24 125.938 -8 2.632 115.903 -8 3.763
5 24 125.938 -8 2.632 125.938 0 2.632 115.903 -8 3.763 135.961 -8 1.408
2 24 125.938 0 2.632 115.903 0 3.763
2 24 125.471 0 -1.341 115.474 0 -0.214
5 24 125.471 0 -1.341 125.471 -5 -1.341 115.474 0 -0.214 135.457 0 -2.56
2 24 125.471 -5 -1.341 115.474 -5 -0.214
2 24 124.072 -5 -13.259 114.186 -5 -12.145
5 24 124.072 -5 -13.259 124.072 0 -13.259 114.186 -5 -12.145 133.947 -5 -14.465
2 24 124.072 0 -13.259 114.186 0 -12.145
2 24 123.605 0 -17.231 133.443 0 -18.433
5 24 133.443 0 -18.433 133.443 -8 -18.433 123.605 0 -17.231 143.269 0 -19.727
2 24 133.443 -8 -18.433 123.605 -8 -17.231
2 24 134.282 -8 -11.82 124.383 -8 -10.611
5 24 134.282 -8 -11.82 134.282 -16 -11.82 124.383 -8 -10.611 144.17 -8 -13.122
2 24 134.282 -16 -11.82 124.383 -16 -10.611
2 24 135.122 -16 -5.205 125.16 -16 -3.988
5 24 135.122 -16 -5.205 135.122 -8 -5.205 125.16 -16 -3.988 145.072 -16 -6.515
2 24 135.122 -8 -5.205 125.16 -8 -3.988
2 24 135.961 -8 1.408 125.938 -8 2.632
5 24 135.961 -8 1.408 135.961 0 1.408 125.938 -8 2.632 145.973 -8 0.09
2 24 135.961 0 1.408 125.938 0 2.632
2 24 135.457 0 -2.56 125.471 0 -1.341
5 24 135.457 0 -2.56 135.457 -5 -2.56 125.471 0 -1.341 145.432 0 -3.874
2 24 135.457 -5 -2.56 125.471 -5 -1.341
2 24 133.947 -5 -14.465 124.072 -5 -13.259
5 24 133.947 -5 -14.465 133.947 0 -14.465 124.072 -5 -13.259 143.81 -5 -15.763
2 24 133.947 0 -14.465 124.072 0 -13.259
2 24 133.443 0 -18.433 143.269 0 -19.727
5 24 143.269 0 -19.727 143.269 -8 -19.727 133.443 0 -18.433 153.083 0 -21.112
2 24 143.269 -8 -19.727 133.443 -8 -18.433
2 24 144.17 -8 -13.122 134.282 -8 -11.82
5 24 144.17 -8 -13.122 144.17 -16 -13.122 134.282 -8 -11.82 154.046 -8 -14.516
2 24 144.17 -16 -13.122 134.282 -16 -11.82
2 24 145.072 -16 -6.515 135.122 -16 -5.205
5 24 145.072 -16 -6.515 145.072 -8 -6.515 135.122 -16 -5.205 155.009 -16 -7.918
2 24 145.072 -8 -6.515 135.122 -8 -5.205
2 24 145.973 -8 0.09 135.961 -8 1.408
5 24 145.973 -8 0.09 145.973 0 0.09 135.961 -8 1.408 155.971 -8 -1.322
2 24 145.973 0 0.09 135.961 0 1.408
2 24 145.432 0 -3.874 135.457 0 -2.56
5 24 145.432 0 -3.874 145.432 -5 -3.874 135.457 0 -2.56 155.394 0 -5.28
2 24 145.432 -5 -3.874 135.457 -5 -2.56
2 24 143.81 -5 -15.763 133.947 -5 -14.465
5 24 143.81 -5 -15.763 143.81 0 -15.763 133.947 -5 -14.465 153.661 -5 -17.154
2 24 143.81 0 -15.763 133.947 0 -14.465
2 24 143.269 0 -19.727 153.083 0 -21.112
5 24 153.083 0 -21.112 153.083 -8 -21.112 143.269 0 -19.727 162.883 0 -22.589
2 24 153.083 -8 -21.112 143.269 -8 -19.727
2 24 154.046 -8 -14.516 144.17 -8 -13.122
5 24 154.046 -8 -14.516 154.046 -16 -14.516 144.17 -8 -13.122 163.908 -8 -16.003
2 24 154.046 -16 -14.516 144.17 -16 -13.122
2 24 155.009 -16 -7.918 145.072 -16 -6.515
5 24 155.009 -16 -7.918 155.009 -8 -7.918 145.072 -16 -6.515 164.932 -16 -9.414
2 24 155.009 -8 -7.918 145.072 -8 -6.515
2 24 155.971 -8 -1.322 145.973 -8 0.09
5 24 155.971 -8 -1.322 155.971 0 -1.322 145.973 -8 0.09 165.956 -8 -2.827
2 24 155.971 0 -1.322 145.973 0 0.09
2 24 155.394 0 -5.28 145.432 0 -3.874
5 24 155.394 0 -5.28 155.394 -5 -5.28 145.432 0 -3.874 166.377 0 -6.945
2 24 155.394 -5 -5.28 145.432 -5 -3.874
2 24 153.661 -5 -17.154 143.81 -5 -15.763
5 24 153.661 -5 -17.154 153.661 0 -17.154 143.81 -5 -15.763 164.478 -5 -18.794
2 24 153.661 0 -17.154 143.81 0 -15.763
2 24 153.083 0 -21.112 162.883 0 -22.589
5 24 162.883 0 -22.589 162.883 -8 -22.589 153.083 0 -21.112 172.669 0 -24.158
2 24 162.883 -8 -22.589 153.083 -8 -21.112
2 24 163.908 -8 -16.003 154.046 -8 -14.516
5 24 163.908 -8 -16.003 163.908 -16 -16.003 154.046 -8 -14.516 173.755 -8 -17.581
2 24 163.908 -16 -16.003 154.046 -16 -14.516
2 24 164.932 -16 -9.414 155.009 -16 -7.918
5 24 164.932 -16 -9.414 164.932 -8 -9.414 155.009 -16 -7.918 174.841 -16 -11.002
2 24 164.932 -8 -9.414 155.009 -8 -7.918
2 24 165.956 -8 -2.827 155.971 -8 -1.322
5 24 165.956 -8 -2.827 165.956 0 -2.827 155.971 -8 -1.322 175.927 -8 -4.425
2 24 165.956 0 -2.827 155.971 0 -1.322
2 24 166.377 0 -6.945 155.394 0 -5.28
2 24 166.377 0 -6.945 166.377 -5 -6.945
2 24 166.377 -5 -6.945 155.394 -5 -5.28
2 24 166.377 -5 -6.945 164.478 -5 -18.794
2 24 164.478 -5 -18.794 153.661 -5 -17.154
2 24 164.478 -5 -18.794 164.478 0 -18.794
2 24 164.478 0 -18.794 153.661 0 -17.154
2 24 162.883 0 -22.589 172.669 0 -24.158
5 24 172.669 0 -24.158 172.669 -8 -24.158 162.883 0 -22.589 182.44 0 -25.818
2 24 172.669 -8 -24.158 162.883 -8 -22.589
2 24 173.755 -8 -17.581 163.908 -8 -16.003
5 24 173.755 -8 -17.581 173.755 -16 -17.581 163.908 -8 -16.003 183.587 -8 -19.252
2 24 173.755 -16 -17.581 163.908 -16 -16.003
2 24 174.841 -16 -11.002 164.932 -16 -9.414
5 24 174.841 -16 -11.002 174.841 -8 -11.002 164.932 -16 -9.414 184.735 -16 -12.683
2 24 174.841 -8 -11.002 164.932 -8 -9.414
2 24 175.927 -8 -4.425 165.956 -8 -2.827
5 24 175.927 -8 -4.425 175.927 0 -4.425 165.956 -8 -2.827 185.882 -8 -6.117
2 24 175.927 0 -4.425 165.956 0 -2.827
2 24 172.669 0 -24.158 182.44 0 -25.818
5 24 182.44 0 -25.818 182.44 -8 -25.818 172.669 0 -24.158 192.195 0 -27.57
2 24 182.44 -8 -25.818 172.669 -8 -24.158
2 24 183.587 -8 -19.252 173.755 -8 -17.581
5 24 183.587 -8 -19.252 183.587 -16 -19.252 173.755 -8 -17.581 193.404 -8 -21.014
2 24 183.587 -16 -19.252 173.755 -16 -17.581
2 24 184.735 -16 -12.683 174.841 -16 -11.002
5 24 184.735 -16 -12.683 184.735 -8 -12.683 174.841 -16 -11.002 194.613 -16 -14.457
2 24 184.735 -8 -12.683 174.841 -8 -11.002
2 24 185.882 -8 -6.117 175.927 -8 -4.425
5 24 185.882 -8 -6.117 185.882 0 -6.117 175.927 -8 -4.425 195.821 -8 -7.901
2 24 185.882 0 -6.117 175.927 0 -4.425
2 24 186.217 0 -10.241 174.276 0 -8.212
2 24 186.217 0 -10.241 186.217 -5 -10.241
2 24 186.217 -5 -10.241 174.276 -5 -8.212
2 24 174.276 -5 -8.212 174.276 0 -8.212
2 24 186.217 -5 -10.241 184.096 -5 -22.052
2 24 184.096 -5 -22.052 172.377 -5 -20.06
2 24 172.377 -5 -20.06 174.276 -5 -8.212
2 24 184.096 -5 -22.052 184.096 0 -22.052
2 24 184.096 0 -22.052 172.377 0 -20.06
2 24 172.377 0 -20.06 172.377 -5 -20.06
2 24 182.44 0 -25.818 192.195 0 -27.57
5 24 192.195 0 -27.57 192.195 -8 -27.57 182.44 0 -25.818 201.933 0 -29.412
2 24 192.195 -8 -27.57 182.44 -8 -25.818
2 24 193.404 -8 -21.014 183.587 -8 -19.252
5 24 193.404 -8 -21.014 193.404 -16 -21.014 183.587 -8 -19.252 203.203 -8 -22.868
2 24 193.404 -16 -21.014 183.587 -16 -19.252
2 24 194.613 -16 -14.457 184.735 -16 -12.683
5 24 194.613 -16 -14.457 194.613 -8 -14.457 184.735 -16 -12.683 199.578 -16 -15.396
2 24 194.613 -8 -14.457 184.735 -8 -12.683
2 24 195.821 -8 -7.901 185.882 -8 -6.117
5 24 195.821 -8 -7.901 195.821 0 -7.901 185.882 -8 -6.117 200.879 -8 -8.858
2 24 195.821 0 -7.901 185.882 0 -6.117
2 24 192.195 0 -27.57 201.933 0 -29.412
5 24 201.933 0 -29.412 201.933 -8 -29.412 192.195 0 -27.57 211.654 0 -31.346
2 24 201.933 -8 -29.412 192.195 -8 -27.57
2 24 203.203 -8 -22.868 193.404 -8 -21.014
5 24 203.203 -8 -22.868 203.203 -16 -22.868 193.404 -8 -21.014 212.985 -8 -24.814
2 24 203.203 -16 -22.868 193.404 -16 -21.014
2 24 191.97 -5 -23.466 202.695 -5 -25.485
5 24 202.695 -5 -25.485 202.695 0 -25.485 191.97 -5 -23.466 212.452 -5 -27.426
2 24 202.695 0 -25.485 191.97 0 -23.466
2 24 191.97 0 -23.466 191.97 -5 -23.466
2 24 201.933 0 -29.412 211.654 0 -31.346
5 24 211.654 0 -31.346 211.654 -8 -31.346 201.933 0 -29.412 216.592 0 -32.376
2 24 211.654 -8 -31.346 201.933 -8 -29.412
2 24 212.985 -8 -24.814 203.203 -8 -22.868
5 24 212.985 -8 -24.814 212.985 -16 -24.814 203.203 -8 -22.868 217.892 -8 -25.838
2 24 212.985 -16 -24.814 203.203 -16 -22.868
2 24 202.695 -5 -25.485 212.452 -5 -27.426
5 24 212.452 -5 -27.426 212.452 0 -27.426 202.695 -5 -25.485 217.372 -5 -28.453
2 24 212.452 0 -27.426 202.695 0 -25.485
2 24 -214.316 -16 -18.28 -219.193 -16 -19.298
2 24 -219.193 -16 -19.298 -218.554 -16 -22.511
2 24 -214.316 -8 -18.28 -219.193 -8 -19.298
2 24 -219.193 -8 -19.298 -219.193 -16 -19.298
2 24 -215.647 -8 -11.748 -220.494 -8 -12.76
2 24 -220.494 -8 -12.76 -219.193 -8 -19.298
2 24 -220.494 0 -12.76 -220.494 -8 -12.76
2 24 -215.647 0 -11.748 -220.494 0 -12.76
2 24 -214.849 0 -15.668 -219.713 0 -16.683
2 24 -219.713 0 -16.683 -220.494 0 -12.76
2 24 -219.713 -5 -16.683 -219.713 0 -16.683
2 24 -214.849 -5 -15.668 -219.713 -5 -16.683
2 24 -218.554 -5 -22.511 -219.713 -5 -16.683
2 24 -218.554 -16 -22.511 -198.939 -16 -18.609
2 24 -198.939 -5 -18.609 -218.554 -5 -22.511
2 24 -196.977 0 -28.475 -192.195 0 -27.57
2 24 -192.195 -8 -27.57 -196.977 -8 -28.475
2 24 -196.977 -8 -28.475 -196.977 0 -28.475
2 24 -193.404 -8 -21.014 -198.277 -8 -21.936
2 24 -198.277 -8 -21.936 -196.977 -8 -28.475
2 24 -198.277 -16 -21.936 -198.277 -8 -21.936
2 24 -193.404 -16 -21.014 -198.277 -16 -21.936
2 24 -198.939 -16 -18.609 -198.277 -16 -21.936
2 24 -197.757 -5 -24.551 -198.939 -5 -18.609
2 24 -194.09 -5 -11.654 -191.97 -5 -23.466
2 24 -191.97 -5 -23.466 -197.757 -5 -24.551
2 24 -191.97 -5 -23.466 -191.97 0 -23.466
2 24 -191.97 0 -23.466 -197.757 0 -24.551
2 24 -197.757 0 -24.551 -197.757 -5 -24.551
2 24 -196.977 0 -28.475 -197.757 0 -24.551
2 24 199.578 -16 -15.396 194.613 -16 -14.457
2 24 198.939 -16 -18.609 199.578 -16 -15.396
2 24 199.578 -16 -15.396 199.578 -8 -15.396
2 24 199.578 -8 -15.396 194.613 -8 -14.457
2 24 199.578 -8 -15.396 200.879 -8 -8.858
2 24 200.879 -8 -8.858 195.821 -8 -7.901
2 24 200.879 -8 -8.858 200.879 0 -8.858
2 24 200.879 0 -8.858 195.821 0 -7.901
2 24 200.879 0 -8.858 200.098 0 -12.781
2 24 200.098 0 -12.781 194.09 0 -11.654
2 24 200.098 0 -12.781 200.098 -5 -12.781
2 24 200.098 -5 -12.781 194.09 -5 -11.654
2 24 194.09 -5 -11.654 194.09 0 -11.654
2 24 191.97 -5 -23.466 194.09 -5 -11.654
2 24 200.098 -5 -12.781 198.939 -5 -18.609
2 24 218.554 -16 -22.511 198.939 -16 -18.609
2 24 198.939 -5 -18.609 218.554 -5 -22.511
2 24 216.592 0 -32.376 216.592 -8 -32.376
2 24 216.592 -8 -32.376 211.654 -8 -31.346
2 24 211.654 0 -31.346 216.592 0 -32.376
2 24 216.592 -8 -32.376 217.892 -8 -25.838
2 24 217.892 -8 -25.838 212.985 -8 -24.814
2 24 217.892 -8 -25.838 217.892 -16 -25.838
2 24 217.892 -16 -25.838 212.985 -16 -24.814
2 24 217.892 -16 -25.838 218.554 -16 -22.511
2 24 218.554 -5 -22.511 217.372 -5 -28.453
2 24 217.372 -5 -28.453 212.452 -5 -27.426
2 24 217.372 -5 -28.453 217.372 0 -28.453
2 24 217.372 0 -28.453 212.452 0 -27.426
2 24 217.372 0 -28.453 216.592 0 -32.376
2 24 -194.09 0 -11.654 -191.97 0 -23.466
2 24 -186.217 0 -10.241 -184.096 0 -22.052
2 24 -174.276 0 -8.212 -172.377 0 -20.06
2 24 -166.377 0 -6.945 -164.478 0 -18.794
2 24 -4 0 5.988 -4 0 -6.012
2 24 4 0 5.988 4 0 -6.012
2 24 166.377 0 -6.945 164.478 0 -18.794
2 24 174.276 0 -8.212 172.377 0 -20.06
2 24 186.217 0 -10.241 184.096 0 -22.052
2 24 194.09 0 -11.654 191.97 0 -23.466
2 24 -218.554 -5 -22.511 -218.554 -16 -22.511
2 24 -198.939 -5 -18.609 -198.939 -16 -18.609
2 24 198.939 -16 -18.609 198.939 -5 -18.609
2 24 218.554 -16 -22.511 218.554 -5 -22.511
