0 Train Track Curved R56 Outside
0 Name: Train_Track_Curved_R56_Outer.dat
0 Author: Ronald Vallenduuk [Duq]
0 !LDRAW_ORG Unofficial_Part
0 !LICENSE Redistributable under CCAL version 2.0 : see CAreadme.txt
0 BFC CERTIFY CCW
4 16 -234.039 -16 -20.244 -223.768 -16 -18.201 -223.768 -8 -18.201 -234.039 -8 -20.244
4 16 -234.039 -8 -20.244 -223.768 -8 -18.201 -225.04 -8 -11.658 -235.369 -8 -13.712
4 16 -235.369 -8 -13.712 -225.04 -8 -11.658 -225.04 0 -11.658 -235.369 0 -13.712
4 16 -235.369 0 -13.712 -225.04 0 -11.658 -224.277 0 -15.584 -234.571 0 -17.632
4 16 -234.571 0 -17.632 -224.277 0 -15.584 -224.277 -5 -15.584 -234.571 -5 -17.632
4 16 -223.768 -16 -18.201 -213.48 -16 -16.25 -213.48 -8 -16.25 -223.768 -8 -18.201
4 16 -223.768 -8 -18.201 -213.48 -8 -16.25 -214.693 -8 -9.695 -225.04 -8 -11.658
4 16 -225.04 -8 -11.658 -214.693 -8 -9.695 -214.693 0 -9.695 -225.04 0 -11.658
4 16 -225.04 0 -11.658 -214.693 0 -9.695 -213.612 0 -13.565 -224.277 0 -15.584
4 16 -224.277 0 -15.584 -213.612 0 -13.565 -213.612 -5 -13.565 -224.277 -5 -15.584
3 16 -224.277 -5 -15.584 -213.612 -5 -13.565 -218.448 -5 -20.53
4 16 -213.612 -5 -13.565 -211.472 -5 -25.372 -217.267 -5 -26.468 -218.448 -5 -20.53
4 16 -211.054 0 -29.361 -200.865 0 -27.523 -200.865 -8 -27.523 -211.054 -8 -29.361
4 16 -211.054 -8 -29.361 -200.865 -8 -27.523 -202.02 -8 -20.958 -212.267 -8 -22.807
4 16 -212.267 -8 -22.807 -202.02 -8 -20.958 -202.02 -16 -20.958 -212.267 -16 -22.807
4 16 -212.267 -16 -22.807 -202.02 -16 -20.958 -203.174 -16 -14.391 -213.48 -16 -16.25
4 16 -213.48 -16 -16.25 -203.174 -16 -14.391 -203.174 -8 -14.391 -213.48 -8 -16.25
4 16 -213.48 -8 -16.25 -203.174 -8 -14.391 -204.329 -8 -7.825 -214.693 -8 -9.695
4 16 -214.693 -8 -9.695 -204.329 -8 -7.825 -204.329 0 -7.825 -214.693 0 -9.695
4 16 -200.865 0 -27.523 -190.661 0 -25.776 -190.661 -8 -25.776 -200.865 -8 -27.523
4 16 -200.865 -8 -27.523 -190.661 -8 -25.776 -191.757 -8 -19.201 -202.02 -8 -20.958
4 16 -202.02 -8 -20.958 -191.757 -8 -19.201 -191.757 -16 -19.201 -202.02 -16 -20.958
4 16 -202.02 -16 -20.958 -191.757 -16 -19.201 -192.853 -16 -12.623 -203.174 -16 -14.391
4 16 -203.174 -16 -14.391 -192.853 -16 -12.623 -192.853 -8 -12.623 -203.174 -8 -14.391
4 16 -203.174 -8 -14.391 -192.853 -8 -12.623 -193.948 -8 -6.048 -204.329 -8 -7.825
4 16 -204.329 -8 -7.825 -193.948 -8 -6.048 -193.948 0 -6.048 -204.329 0 -7.825
4 16 -190.661 0 -25.776 -180.441 0 -24.12 -180.441 -8 -24.12 -190.661 -8 -25.776
4 16 -190.661 -8 -25.776 -180.441 -8 -24.12 -181.478 -8 -17.535 -191.757 -8 -19.201
4 16 -191.757 -8 -19.201 -181.478 -8 -17.535 -181.478 -16 -17.535 -191.757 -16 -19.201
4 16 -191.757 -16 -19.201 -181.478 -16 -17.535 -182.515 -16 -10.948 -192.853 -16 -12.623
4 16 -192.853 -16 -12.623 -182.515 -16 -10.948 -182.515 -8 -10.948 -192.853 -8 -12.623
4 16 -192.853 -8 -12.623 -182.515 -8 -10.948 -183.552 -8 -4.363 -193.948 -8 -6.048
4 16 -193.948 -8 -6.048 -183.552 -8 -4.363 -183.552 0 -4.363 -193.948 0 -6.048
4 16 -180.441 0 -24.12 -170.207 0 -22.555 -170.207 -8 -22.555 -180.441 -8 -24.12
4 16 -180.441 -8 -24.12 -170.207 -8 -22.555 -171.185 -8 -15.961 -181.478 -8 -17.535
4 16 -181.478 -8 -17.535 -171.185 -8 -15.961 -171.185 -16 -15.961 -181.478 -16 -17.535
4 16 -181.478 -16 -17.535 -171.185 -16 -15.961 -172.164 -16 -9.366 -182.515 -16 -10.948
4 16 -182.515 -16 -10.948 -172.164 -16 -9.366 -172.164 -8 -9.366 -182.515 -8 -10.948
4 16 -182.515 -8 -10.948 -172.164 -8 -9.366 -173.142 -8 -2.772 -183.552 -8 -4.363
4 16 -183.552 -8 -4.363 -173.142 -8 -2.772 -173.142 0 -2.772 -183.552 0 -4.363
4 16 -183.552 0 -4.363 -173.142 0 -2.772 -172.555 0 -6.728 -182.93 0 -8.315
4 16 -182.93 0 -8.315 -172.555 0 -6.728 -172.555 -5 -6.728 -182.93 -5 -8.315
4 16 -182.93 -5 -8.315 -172.555 -5 -6.728 -170.794 -5 -18.599 -181.064 -5 -20.169
4 16 -181.064 -5 -20.169 -170.794 -5 -18.599 -170.794 0 -18.599 -181.064 0 -20.169
4 16 -181.064 0 -20.169 -170.794 0 -18.599 -170.207 0 -22.555 -180.441 0 -24.12
4 16 -170.207 0 -22.555 -159.96 0 -21.082 -159.96 -8 -21.082 -170.207 -8 -22.555
4 16 -170.207 -8 -22.555 -159.96 -8 -21.082 -160.879 -8 -14.48 -171.185 -8 -15.961
4 16 -171.185 -8 -15.961 -160.879 -8 -14.48 -160.879 -16 -14.48 -171.185 -16 -15.961
4 16 -171.185 -16 -15.961 -160.879 -16 -14.48 -161.798 -16 -7.875 -172.164 -16 -9.366
4 16 -172.164 -16 -9.366 -161.798 -16 -7.875 -161.798 -8 -7.875 -172.164 -8 -9.366
4 16 -172.164 -8 -9.366 -161.798 -8 -7.875 -162.718 -8 -1.273 -173.142 -8 -2.772
4 16 -173.142 -8 -2.772 -162.718 -8 -1.273 -162.718 0 -1.273 -173.142 0 -2.772
4 16 -173.142 0 -2.772 -162.718 0 -1.273 -162.166 0 -5.235 -172.555 0 -6.728
4 16 -172.555 0 -6.728 -162.166 0 -5.235 -162.166 -5 -5.235 -172.555 -5 -6.728
4 16 -172.555 -5 -6.728 -162.166 -5 -5.235 -160.511 -5 -17.12 -170.794 -5 -18.599
4 16 -170.794 -5 -18.599 -160.511 -5 -17.12 -160.511 0 -17.12 -170.794 0 -18.599
4 16 -170.794 0 -18.599 -160.511 0 -17.12 -159.96 0 -21.082 -170.207 0 -22.555
4 16 -159.96 0 -21.082 -149.699 0 -19.7 -149.699 -8 -19.7 -159.96 -8 -21.082
4 16 -159.96 -8 -21.082 -149.699 -8 -19.7 -150.56 -8 -13.09 -160.879 -8 -14.48
4 16 -160.879 -8 -14.48 -150.56 -8 -13.09 -150.56 -16 -13.09 -160.879 -16 -14.48
4 16 -160.879 -16 -14.48 -150.56 -16 -13.09 -151.42 -16 -6.478 -161.798 -16 -7.875
4 16 -161.798 -16 -7.875 -151.42 -16 -6.478 -151.42 -8 -6.478 -161.798 -8 -7.875
4 16 -161.798 -8 -7.875 -151.42 -8 -6.478 -152.281 -8 0.133 -162.718 -8 -1.273
4 16 -162.718 -8 -1.273 -152.281 -8 0.133 -152.281 0 0.133 -162.718 0 -1.273
4 16 -162.718 0 -1.273 -152.281 0 0.133 -151.764 0 -3.834 -162.166 0 -5.235
4 16 -162.166 0 -5.235 -151.764 0 -3.834 -151.764 -5 -3.834 -162.166 -5 -5.235
4 16 -162.166 -5 -5.235 -151.764 -5 -3.834 -150.216 -5 -15.733 -160.511 -5 -17.12
4 16 -160.511 -5 -17.12 -150.216 -5 -15.733 -150.216 0 -15.733 -160.511 0 -17.12
4 16 -160.511 0 -17.12 -150.216 0 -15.733 -149.699 0 -19.7 -159.96 0 -21.082
4 16 -149.699 0 -19.7 -139.427 0 -18.41 -139.427 -8 -18.41 -149.699 -8 -19.7
4 16 -149.699 -8 -19.7 -139.427 -8 -18.41 -140.228 -8 -11.792 -150.56 -8 -13.09
4 16 -150.56 -8 -13.09 -140.228 -8 -11.792 -140.228 -16 -11.792 -150.56 -16 -13.09
4 16 -150.56 -16 -13.09 -140.228 -16 -11.792 -141.03 -16 -5.172 -151.42 -16 -6.478
4 16 -151.42 -16 -6.478 -141.03 -16 -5.172 -141.03 -8 -5.172 -151.42 -8 -6.478
4 16 -151.42 -8 -6.478 -141.03 -8 -5.172 -141.831 -8 1.445 -152.281 -8 0.133
4 16 -152.281 -8 0.133 -141.831 -8 1.445 -141.831 0 1.445 -152.281 0 0.133
4 16 -152.281 0 0.133 -141.831 0 1.445 -141.35 0 -2.526 -151.764 0 -3.834
4 16 -151.764 0 -3.834 -141.35 0 -2.526 -141.35 -5 -2.526 -151.764 -5 -3.834
4 16 -151.764 -5 -3.834 -141.35 -5 -2.526 -139.908 -5 -14.439 -150.216 -5 -15.733
4 16 -150.216 -5 -15.733 -139.908 -5 -14.439 -139.908 0 -14.439 -150.216 0 -15.733
4 16 -150.216 0 -15.733 -139.908 0 -14.439 -139.427 0 -18.41 -149.699 0 -19.7
4 16 -139.427 0 -18.41 -129.144 0 -17.211 -129.144 -8 -17.211 -139.427 -8 -18.41
4 16 -139.427 -8 -18.41 -129.144 -8 -17.211 -129.886 -8 -10.587 -140.228 -8 -11.792
4 16 -140.228 -8 -11.792 -129.886 -8 -10.587 -129.886 -16 -10.587 -140.228 -16 -11.792
4 16 -140.228 -16 -11.792 -129.886 -16 -10.587 -130.628 -16 -3.96 -141.03 -16 -5.172
4 16 -141.03 -16 -5.172 -130.628 -16 -3.96 -130.628 -8 -3.96 -141.03 -8 -5.172
4 16 -141.03 -8 -5.172 -130.628 -8 -3.96 -131.371 -8 2.664 -141.831 -8 1.445
4 16 -141.831 -8 1.445 -131.371 -8 2.664 -131.371 0 2.664 -141.831 0 1.445
4 16 -141.831 0 1.445 -131.371 0 2.664 -130.925 0 -1.311 -141.35 0 -2.526
4 16 -141.35 0 -2.526 -130.925 0 -1.311 -130.925 -5 -1.311 -141.35 -5 -2.526
4 16 -141.35 -5 -2.526 -130.925 -5 -1.311 -129.589 -5 -13.236 -139.908 -5 -14.439
4 16 -139.908 -5 -14.439 -129.589 -5 -13.236 -129.589 0 -13.236 -139.908 0 -14.439
4 16 -139.908 0 -14.439 -129.589 0 -13.236 -129.144 0 -17.211 -139.427 0 -18.41
4 16 -129.144 0 -17.211 -118.85 0 -16.105 -118.85 -8 -16.105 -129.144 -8 -17.211
4 16 -129.144 -8 -17.211 -118.85 -8 -16.105 -119.533 -8 -9.474 -129.886 -8 -10.587
4 16 -129.886 -8 -10.587 -119.533 -8 -9.474 -119.533 -16 -9.474 -129.886 -16 -10.587
4 16 -129.886 -16 -10.587 -119.533 -16 -9.474 -120.216 -16 -2.841 -130.628 -16 -3.96
4 16 -130.628 -16 -3.96 -120.216 -16 -2.841 -120.216 -8 -2.841 -130.628 -8 -3.96
4 16 -130.628 -8 -3.96 -120.216 -8 -2.841 -120.899 -8 3.79 -131.371 -8 2.664
4 16 -131.371 -8 2.664 -120.899 -8 3.79 -120.899 0 3.79 -131.371 0 2.664
4 16 -131.371 0 2.664 -120.899 0 3.79 -120.49 0 -0.189 -130.925 0 -1.311
4 16 -130.925 0 -1.311 -120.49 0 -0.189 -120.49 -5 -0.189 -130.925 -5 -1.311
4 16 -130.925 -5 -1.311 -120.49 -5 -0.189 -119.26 -5 -12.126 -129.589 -5 -13.236
4 16 -129.589 -5 -13.236 -119.26 -5 -12.126 -119.26 0 -12.126 -129.589 0 -13.236
4 16 -129.589 0 -13.236 -119.26 0 -12.126 -118.85 0 -16.105 -129.144 0 -17.211
4 16 -118.85 0 -16.105 -108.547 0 -15.09 -108.547 -8 -15.09 -118.85 -8 -16.105
4 16 -118.85 -8 -16.105 -108.547 -8 -15.09 -109.171 -8 -8.453 -119.533 -8 -9.474
4 16 -119.533 -8 -9.474 -109.171 -8 -8.453 -109.171 -16 -8.453 -119.533 -16 -9.474
4 16 -119.533 -16 -9.474 -109.171 -16 -8.453 -109.795 -16 -1.814 -120.216 -16 -2.841
4 16 -120.216 -16 -2.841 -109.795 -16 -1.814 -109.795 -8 -1.814 -120.216 -8 -2.841
4 16 -120.216 -8 -2.841 -109.795 -8 -1.814 -110.419 -8 4.822 -120.899 -8 3.79
4 16 -120.899 -8 3.79 -110.419 -8 4.822 -110.419 0 4.822 -120.899 0 3.79
4 16 -120.899 0 3.79 -110.419 0 4.822 -110.044 0 0.84 -120.49 0 -0.189
4 16 -120.49 0 -0.189 -110.044 0 0.84 -110.044 -5 0.84 -120.49 -5 -0.189
4 16 -120.49 -5 -0.189 -110.044 -5 0.84 -108.922 -5 -11.107 -119.26 -5 -12.126
4 16 -119.26 -5 -12.126 -108.922 -5 -11.107 -108.922 0 -11.107 -119.26 0 -12.126
4 16 -119.26 0 -12.126 -108.922 0 -11.107 -108.547 0 -15.09 -118.85 0 -16.105
4 16 -108.547 0 -15.09 -98.235 0 -14.167 -98.235 -8 -14.167 -108.547 -8 -15.09
4 16 -108.547 -8 -15.09 -98.235 -8 -14.167 -98.8 -8 -7.525 -109.171 -8 -8.453
4 16 -109.171 -8 -8.453 -98.8 -8 -7.525 -98.8 -16 -7.525 -109.171 -16 -8.453
4 16 -109.171 -16 -8.453 -98.8 -16 -7.525 -99.365 -16 -0.881 -109.795 -16 -1.814
4 16 -109.795 -16 -1.814 -99.365 -16 -0.881 -99.365 -8 -0.881 -109.795 -8 -1.814
4 16 -109.795 -8 -1.814 -99.365 -8 -0.881 -99.929 -8 5.761 -110.419 -8 4.822
4 16 -110.419 -8 4.822 -99.929 -8 5.761 -99.929 0 5.761 -110.419 0 4.822
4 16 -110.419 0 4.822 -99.929 0 5.761 -99.59 0 1.775 -110.044 0 0.84
4 16 -110.044 0 0.84 -99.59 0 1.775 -99.59 -5 1.775 -110.044 -5 0.84
4 16 -110.044 -5 0.84 -99.59 -5 1.775 -98.574 -5 -10.181 -108.922 -5 -11.107
4 16 -108.922 -5 -11.107 -98.574 -5 -10.181 -98.574 0 -10.181 -108.922 0 -11.107
4 16 -108.922 0 -11.107 -98.574 0 -10.181 -98.235 0 -14.167 -108.547 0 -15.09
4 16 -98.235 0 -14.167 -87.916 0 -13.336 -87.916 -8 -13.336 -98.235 -8 -14.167
4 16 -98.235 -8 -14.167 -87.916 -8 -13.336 -88.421 -8 -6.69 -98.8 -8 -7.525
4 16 -98.8 -8 -7.525 -88.421 -8 -6.69 -88.421 -16 -6.69 -98.8 -16 -7.525
4 16 -98.8 -16 -7.525 -88.421 -16 -6.69 -88.926 -16 -0.041 -99.365 -16 -0.881
4 16 -99.365 -16 -0.881 -88.926 -16 -0.041 -88.926 -8 -0.041 -99.365 -8 -0.881
4 16 -99.365 -8 -0.881 -88.926 -8 -0.041 -89.432 -8 6.606 -99.929 -8 5.761
4 16 -99.929 -8 5.761 -89.432 -8 6.606 -89.432 0 6.606 -99.929 0 5.761
4 16 -99.929 0 5.761 -89.432 0 6.606 -89.129 0 2.618 -99.59 0 1.775
4 16 -99.59 0 1.775 -89.129 0 2.618 -89.129 -5 2.618 -99.59 -5 1.775
4 16 -99.59 -5 1.775 -89.129 -5 2.618 -88.219 -5 -9.348 -98.574 -5 -10.181
4 16 -98.574 -5 -10.181 -88.219 -5 -9.348 -88.219 0 -9.348 -98.574 0 -10.181
4 16 -98.574 0 -10.181 -88.219 0 -9.348 -87.916 0 -13.336 -98.235 0 -14.167
4 16 -87.916 0 -13.336 -77.589 0 -12.598 -77.589 -8 -12.598 -87.916 -8 -13.336
4 16 -87.916 -8 -13.336 -77.589 -8 -12.598 -78.035 -8 -5.947 -88.421 -8 -6.69
4 16 -88.421 -8 -6.69 -78.035 -8 -5.947 -78.035 -16 -5.947 -88.421 -16 -6.69
4 16 -88.421 -16 -6.69 -78.035 -16 -5.947 -78.481 -16 0.706 -88.926 -16 -0.041
4 16 -88.926 -16 -0.041 -78.481 -16 0.706 -78.481 -8 0.706 -88.926 -8 -0.041
4 16 -88.926 -8 -0.041 -78.481 -8 0.706 -78.927 -8 7.357 -89.432 -8 6.606
4 16 -89.432 -8 6.606 -78.927 -8 7.357 -78.927 0 7.357 -89.432 0 6.606
4 16 -89.432 0 6.606 -78.927 0 7.357 -78.66 0 3.366 -89.129 0 2.618
4 16 -89.129 0 2.618 -78.66 0 3.366 -78.66 -5 3.366 -89.129 -5 2.618
4 16 -89.129 -5 2.618 -78.66 -5 3.366 -77.857 -5 -8.607 -88.219 -5 -9.348
4 16 -88.219 -5 -9.348 -77.857 -5 -8.607 -77.857 0 -8.607 -88.219 0 -9.348
4 16 -88.219 0 -9.348 -77.857 0 -8.607 -77.589 0 -12.598 -87.916 0 -13.336
4 16 -77.589 0 -12.598 -67.257 0 -11.951 -67.257 -8 -11.951 -77.589 -8 -12.598
4 16 -77.589 -8 -12.598 -67.257 -8 -11.951 -67.643 -8 -5.297 -78.035 -8 -5.947
4 16 -78.035 -8 -5.947 -67.643 -8 -5.297 -67.643 -16 -5.297 -78.035 -16 -5.947
4 16 -78.035 -16 -5.947 -67.643 -16 -5.297 -68.03 -16 1.36 -78.481 -16 0.706
4 16 -78.481 -16 0.706 -68.03 -16 1.36 -68.03 -8 1.36 -78.481 -8 0.706
4 16 -78.481 -8 0.706 -68.03 -8 1.36 -68.416 -8 8.015 -78.927 -8 7.357
4 16 -78.927 -8 7.357 -68.416 -8 8.015 -68.416 0 8.015 -78.927 0 7.357
4 16 -78.927 0 7.357 -68.416 0 8.015 -68.184 0 4.022 -78.66 0 3.366
4 16 -78.66 0 3.366 -68.184 0 4.022 -68.184 -5 4.022 -78.66 -5 3.366
4 16 -78.66 -5 3.366 -68.184 -5 4.022 -67.489 -5 -7.958 -77.857 -5 -8.607
4 16 -77.857 -5 -8.607 -67.489 -5 -7.958 -67.489 0 -7.958 -77.857 0 -8.607
4 16 -77.857 0 -8.607 -67.489 0 -7.958 -67.257 0 -11.951 -77.589 0 -12.598
4 16 -67.257 0 -11.951 -56.919 0 -11.397 -56.919 -8 -11.397 -67.257 -8 -11.951
4 16 -67.257 -8 -11.951 -56.919 -8 -11.397 -57.246 -8 -4.739 -67.643 -8 -5.297
4 16 -67.643 -8 -5.297 -57.246 -8 -4.739 -57.246 -16 -4.739 -67.643 -16 -5.297
4 16 -67.643 -16 -5.297 -57.246 -16 -4.739 -57.573 -16 1.921 -68.03 -16 1.36
4 16 -68.03 -16 1.36 -57.573 -16 1.921 -57.573 -8 1.921 -68.03 -8 1.36
4 16 -68.03 -8 1.36 -57.573 -8 1.921 -57.9 -8 8.579 -68.416 -8 8.015
4 16 -68.416 -8 8.015 -57.9 -8 8.579 -57.9 0 8.579 -68.416 0 8.015
4 16 -68.416 0 8.015 -57.9 0 8.579 -57.704 0 4.583 -68.184 0 4.022
4 16 -68.184 0 4.022 -57.704 0 4.583 -57.704 -5 4.583 -68.184 -5 4.022
4 16 -68.184 -5 4.022 -57.704 -5 4.583 -57.115 -5 -7.402 -67.489 -5 -7.958
4 16 -67.489 -5 -7.958 -57.115 -5 -7.402 -57.115 0 -7.402 -67.489 0 -7.958
4 16 -67.489 0 -7.958 -57.115 0 -7.402 -56.919 0 -11.397 -67.257 0 -11.951
4 16 -56.919 0 -11.397 -46.576 0 -10.935 -46.576 -8 -10.935 -56.919 -8 -11.397
4 16 -56.919 -8 -11.397 -46.576 -8 -10.935 -46.844 -8 -4.275 -57.246 -8 -4.739
4 16 -57.246 -8 -4.739 -46.844 -8 -4.275 -46.844 -16 -4.275 -57.246 -16 -4.739
4 16 -57.246 -16 -4.739 -46.844 -16 -4.275 -47.111 -16 2.388 -57.573 -16 1.921
4 16 -57.573 -16 1.921 -47.111 -16 2.388 -47.111 -8 2.388 -57.573 -8 1.921
4 16 -57.573 -8 1.921 -47.111 -8 2.388 -47.379 -8 9.048 -57.9 -8 8.579
4 16 -57.9 -8 8.579 -47.379 -8 9.048 -47.379 0 9.048 -57.9 0 8.579
4 16 -57.9 0 8.579 -47.379 0 9.048 -47.218 0 5.052 -57.704 0 4.583
4 16 -57.704 0 4.583 -47.218 0 5.052 -47.218 -5 5.052 -57.704 -5 4.583
4 16 -57.704 -5 4.583 -47.218 -5 5.052 -46.736 -5 -6.939 -57.115 -5 -7.402
4 16 -57.115 -5 -7.402 -46.736 -5 -6.939 -46.736 0 -6.939 -57.115 0 -7.402
4 16 -57.115 0 -7.402 -46.736 0 -6.939 -46.576 0 -10.935 -56.919 0 -11.397
4 16 -46.576 0 -10.935 -36.23 0 -10.566 -36.23 -8 -10.566 -46.576 -8 -10.935
4 16 -46.576 -8 -10.935 -36.23 -8 -10.566 -36.438 -8 -3.903 -46.844 -8 -4.275
4 16 -46.844 -8 -4.275 -36.438 -8 -3.903 -36.438 -16 -3.903 -46.844 -16 -4.275
4 16 -46.844 -16 -4.275 -36.438 -16 -3.903 -36.646 -16 2.762 -47.111 -16 2.388
4 16 -47.111 -16 2.388 -36.646 -16 2.762 -36.646 -8 2.762 -47.111 -8 2.388
4 16 -47.111 -8 2.388 -36.646 -8 2.762 -36.854 -8 9.424 -47.379 -8 9.048
4 16 -47.379 -8 9.048 -36.854 -8 9.424 -36.854 0 9.424 -47.379 0 9.048
4 16 -47.379 0 9.048 -36.854 0 9.424 -36.729 0 5.426 -47.218 0 5.052
4 16 -47.218 0 5.052 -36.729 0 5.426 -36.729 -5 5.426 -47.218 -5 5.052
4 16 -47.218 -5 5.052 -36.729 -5 5.426 -36.354 -5 -6.568 -46.736 -5 -6.939
4 16 -46.736 -5 -6.939 -36.354 -5 -6.568 -36.354 0 -6.568 -46.736 0 -6.939
4 16 -46.736 0 -6.939 -36.354 0 -6.568 -36.23 0 -10.566 -46.576 0 -10.935
4 16 -36.23 0 -10.566 -25.88 0 -10.289 -25.88 -8 -10.289 -36.23 -8 -10.566
4 16 -36.23 -8 -10.566 -25.88 -8 -10.289 -26.029 -8 -3.624 -36.438 -8 -3.903
4 16 -36.438 -8 -3.903 -26.029 -8 -3.624 -26.029 -16 -3.624 -36.438 -16 -3.903
4 16 -36.438 -16 -3.903 -26.029 -16 -3.624 -26.178 -16 3.042 -36.646 -16 2.762
4 16 -36.646 -16 2.762 -26.178 -16 3.042 -26.178 -8 3.042 -36.646 -8 2.762
4 16 -36.646 -8 2.762 -26.178 -8 3.042 -26.327 -8 9.706 -36.854 -8 9.424
4 16 -36.854 -8 9.424 -26.327 -8 9.706 -26.327 0 9.706 -36.854 0 9.424
4 16 -36.854 0 9.424 -26.327 0 9.706 -26.237 0 5.707 -36.729 0 5.426
4 16 -36.729 0 5.426 -26.237 0 5.707 -26.237 -5 5.707 -36.729 -5 5.426
4 16 -36.729 -5 5.426 -26.237 -5 5.707 -25.97 -5 -6.29 -36.354 -5 -6.568
4 16 -36.354 -5 -6.568 -25.97 -5 -6.29 -25.97 0 -6.29 -36.354 0 -6.568
4 16 -36.354 0 -6.568 -25.97 0 -6.29 -25.88 0 -10.289 -36.23 0 -10.566
4 16 -25.88 0 -10.289 -15.529 0 -10.104 -15.529 -8 -10.104 -25.88 -8 -10.289
4 16 -25.88 -8 -10.289 -15.529 -8 -10.104 -15.618 -8 -3.439 -26.029 -8 -3.624
4 16 -26.029 -8 -3.624 -15.618 -8 -3.439 -15.618 -16 -3.439 -26.029 -16 -3.624
4 16 -26.029 -16 -3.624 -15.618 -16 -3.439 -15.708 -16 3.229 -26.178 -16 3.042
4 16 -26.178 -16 3.042 -15.708 -16 3.229 -15.708 -8 3.229 -26.178 -8 3.042
4 16 -26.178 -8 3.042 -15.708 -8 3.229 -15.797 -8 9.894 -26.327 -8 9.706
4 16 -26.327 -8 9.706 -15.797 -8 9.894 -15.797 0 9.894 -26.327 0 9.706
4 16 -26.327 0 9.706 -15.797 0 9.894 -15.743 0 5.895 -26.237 0 5.707
4 16 -26.237 0 5.707 -15.743 0 5.895 -15.743 -5 5.895 -26.237 -5 5.707
4 16 -26.237 -5 5.707 -15.743 -5 5.895 -15.583 -5 -6.104 -25.97 -5 -6.29
4 16 -25.97 -5 -6.29 -15.583 -5 -6.104 -15.583 0 -6.104 -25.97 0 -6.29
4 16 -25.97 0 -6.29 -15.583 0 -6.104 -15.529 0 -10.104 -25.88 0 -10.289
4 16 -15.529 0 -10.104 -5.176 0 -10.012 -5.176 -8 -10.012 -15.529 -8 -10.104
4 16 -15.529 -8 -10.104 -5.176 -8 -10.012 -5.206 -8 -3.346 -15.618 -8 -3.439
4 16 -15.618 -8 -3.439 -5.206 -8 -3.346 -5.206 -16 -3.346 -15.618 -16 -3.439
4 16 -15.618 -16 -3.439 -5.206 -16 -3.346 -5.236 -16 3.322 -15.708 -16 3.229
4 16 -15.708 -16 3.229 -5.236 -16 3.322 -5.236 -8 3.322 -15.708 -8 3.229
4 16 -15.708 -8 3.229 -5.236 -8 3.322 -5.266 -8 9.988 -15.797 -8 9.894
4 16 -15.797 -8 9.894 -5.266 -8 9.988 -5.266 0 9.988 -15.797 0 9.894
4 16 -15.797 0 9.894 -5.266 0 9.988 -4 0 5.988 -15.743 0 5.895
4 16 -15.743 0 5.895 -4 0 5.988 -4 -5 5.988 -15.743 -5 5.895
4 16 -15.743 -5 5.895 -4 -5 5.988 -4 -5 -6.012 -15.583 -5 -6.104
4 16 -15.583 -5 -6.104 -4 -5 -6.012 -4 0 -6.012 -15.583 0 -6.104
4 16 -15.583 0 -6.104 -4 0 -6.012 -5.176 0 -10.012 -15.529 0 -10.104
4 16 -5.176 0 -10.012 5.176 0 -10.012 5.176 -8 -10.012 -5.176 -8 -10.012
4 16 -5.176 -8 -10.012 5.176 -8 -10.012 5.206 -8 -3.346 -5.206 -8 -3.346
4 16 -5.206 -8 -3.346 5.206 -8 -3.346 5.206 -16 -3.346 -5.206 -16 -3.346
4 16 -5.206 -16 -3.346 5.206 -16 -3.346 5.236 -16 3.322 -5.236 -16 3.322
4 16 -5.236 -16 3.322 5.236 -16 3.322 5.236 -8 3.322 -5.236 -8 3.322
4 16 -5.236 -8 3.322 5.236 -8 3.322 5.266 -8 9.988 -5.266 -8 9.988
4 16 -5.266 -8 9.988 5.266 -8 9.988 5.266 0 9.988 -5.266 0 9.988
4 16 5.176 0 -10.012 15.529 0 -10.104 15.529 -8 -10.104 5.176 -8 -10.012
4 16 5.176 -8 -10.012 15.529 -8 -10.104 15.618 -8 -3.439 5.206 -8 -3.346
4 16 5.206 -8 -3.346 15.618 -8 -3.439 15.618 -16 -3.439 5.206 -16 -3.346
4 16 5.206 -16 -3.346 15.618 -16 -3.439 15.708 -16 3.229 5.236 -16 3.322
4 16 5.236 -16 3.322 15.708 -16 3.229 15.708 -8 3.229 5.236 -8 3.322
4 16 5.236 -8 3.322 15.708 -8 3.229 15.797 -8 9.894 5.266 -8 9.988
4 16 5.266 -8 9.988 15.797 -8 9.894 15.797 0 9.894 5.266 0 9.988
4 16 5.266 0 9.988 15.797 0 9.894 15.743 0 5.895 4 0 5.988
4 16 4 0 5.988 15.743 0 5.895 15.743 -5 5.895 4 -5 5.988
4 16 4 -5 5.988 15.743 -5 5.895 15.583 -5 -6.104 4 -5 -6.012
4 16 4 -5 -6.012 15.583 -5 -6.104 15.583 0 -6.104 4 0 -6.012
4 16 4 0 -6.012 15.583 0 -6.104 15.529 0 -10.104 5.176 0 -10.012
4 16 15.529 0 -10.104 25.88 0 -10.289 25.88 -8 -10.289 15.529 -8 -10.104
4 16 15.529 -8 -10.104 25.88 -8 -10.289 26.029 -8 -3.624 15.618 -8 -3.439
4 16 15.618 -8 -3.439 26.029 -8 -3.624 26.029 -16 -3.624 15.618 -16 -3.439
4 16 15.618 -16 -3.439 26.029 -16 -3.624 26.178 -16 3.042 15.708 -16 3.229
4 16 15.708 -16 3.229 26.178 -16 3.042 26.178 -8 3.042 15.708 -8 3.229
4 16 15.708 -8 3.229 26.178 -8 3.042 26.327 -8 9.706 15.797 -8 9.894
4 16 15.797 -8 9.894 26.327 -8 9.706 26.327 0 9.706 15.797 0 9.894
4 16 15.797 0 9.894 26.327 0 9.706 26.237 0 5.707 15.743 0 5.895
4 16 15.743 0 5.895 26.237 0 5.707 26.237 -5 5.707 15.743 -5 5.895
4 16 15.743 -5 5.895 26.237 -5 5.707 25.97 -5 -6.29 15.583 -5 -6.104
4 16 15.583 -5 -6.104 25.97 -5 -6.29 25.97 0 -6.29 15.583 0 -6.104
4 16 15.583 0 -6.104 25.97 0 -6.29 25.88 0 -10.289 15.529 0 -10.104
4 16 25.88 0 -10.289 36.23 0 -10.566 36.23 -8 -10.566 25.88 -8 -10.289
4 16 25.88 -8 -10.289 36.23 -8 -10.566 36.438 -8 -3.903 26.029 -8 -3.624
4 16 26.029 -8 -3.624 36.438 -8 -3.903 36.438 -16 -3.903 26.029 -16 -3.624
4 16 26.029 -16 -3.624 36.438 -16 -3.903 36.646 -16 2.762 26.178 -16 3.042
4 16 26.178 -16 3.042 36.646 -16 2.762 36.646 -8 2.762 26.178 -8 3.042
4 16 26.178 -8 3.042 36.646 -8 2.762 36.854 -8 9.424 26.327 -8 9.706
4 16 26.327 -8 9.706 36.854 -8 9.424 36.854 0 9.424 26.327 0 9.706
4 16 26.327 0 9.706 36.854 0 9.424 36.729 0 5.426 26.237 0 5.707
4 16 26.237 0 5.707 36.729 0 5.426 36.729 -5 5.426 26.237 -5 5.707
4 16 26.237 -5 5.707 36.729 -5 5.426 36.354 -5 -6.568 25.97 -5 -6.29
4 16 25.97 -5 -6.29 36.354 -5 -6.568 36.354 0 -6.568 25.97 0 -6.29
4 16 25.97 0 -6.29 36.354 0 -6.568 36.23 0 -10.566 25.88 0 -10.289
4 16 36.23 0 -10.566 46.576 0 -10.935 46.576 -8 -10.935 36.23 -8 -10.566
4 16 36.23 -8 -10.566 46.576 -8 -10.935 46.844 -8 -4.275 36.438 -8 -3.903
4 16 36.438 -8 -3.903 46.844 -8 -4.275 46.844 -16 -4.275 36.438 -16 -3.903
4 16 36.438 -16 -3.903 46.844 -16 -4.275 47.111 -16 2.388 36.646 -16 2.762
4 16 36.646 -16 2.762 47.111 -16 2.388 47.111 -8 2.388 36.646 -8 2.762
4 16 36.646 -8 2.762 47.111 -8 2.388 47.379 -8 9.048 36.854 -8 9.424
4 16 36.854 -8 9.424 47.379 -8 9.048 47.379 0 9.048 36.854 0 9.424
4 16 36.854 0 9.424 47.379 0 9.048 47.218 0 5.052 36.729 0 5.426
4 16 36.729 0 5.426 47.218 0 5.052 47.218 -5 5.052 36.729 -5 5.426
4 16 36.729 -5 5.426 47.218 -5 5.052 46.736 -5 -6.939 36.354 -5 -6.568
4 16 36.354 -5 -6.568 46.736 -5 -6.939 46.736 0 -6.939 36.354 0 -6.568
4 16 36.354 0 -6.568 46.736 0 -6.939 46.576 0 -10.935 36.23 0 -10.566
4 16 46.576 0 -10.935 56.919 0 -11.397 56.919 -8 -11.397 46.576 -8 -10.935
4 16 46.576 -8 -10.935 56.919 -8 -11.397 57.246 -8 -4.739 46.844 -8 -4.275
4 16 46.844 -8 -4.275 57.246 -8 -4.739 57.246 -16 -4.739 46.844 -16 -4.275
4 16 46.844 -16 -4.275 57.246 -16 -4.739 57.573 -16 1.921 47.111 -16 2.388
4 16 47.111 -16 2.388 57.573 -16 1.921 57.573 -8 1.921 47.111 -8 2.388
4 16 47.111 -8 2.388 57.573 -8 1.921 57.9 -8 8.579 47.379 -8 9.048
4 16 47.379 -8 9.048 57.9 -8 8.579 57.9 0 8.579 47.379 0 9.048
4 16 47.379 0 9.048 57.9 0 8.579 57.704 0 4.583 47.218 0 5.052
4 16 47.218 0 5.052 57.704 0 4.583 57.704 -5 4.583 47.218 -5 5.052
4 16 47.218 -5 5.052 57.704 -5 4.583 57.115 -5 -7.402 46.736 -5 -6.939
4 16 46.736 -5 -6.939 57.115 -5 -7.402 57.115 0 -7.402 46.736 0 -6.939
4 16 46.736 0 -6.939 57.115 0 -7.402 56.919 0 -11.397 46.576 0 -10.935
4 16 56.919 0 -11.397 67.257 0 -11.951 67.257 -8 -11.951 56.919 -8 -11.397
4 16 56.919 -8 -11.397 67.257 -8 -11.951 67.643 -8 -5.297 57.246 -8 -4.739
4 16 57.246 -8 -4.739 67.643 -8 -5.297 67.643 -16 -5.297 57.246 -16 -4.739
4 16 57.246 -16 -4.739 67.643 -16 -5.297 68.03 -16 1.36 57.573 -16 1.921
4 16 57.573 -16 1.921 68.03 -16 1.36 68.03 -8 1.36 57.573 -8 1.921
4 16 57.573 -8 1.921 68.03 -8 1.36 68.416 -8 8.015 57.9 -8 8.579
4 16 57.9 -8 8.579 68.416 -8 8.015 68.416 0 8.015 57.9 0 8.579
4 16 57.9 0 8.579 68.416 0 8.015 68.184 0 4.022 57.704 0 4.583
4 16 57.704 0 4.583 68.184 0 4.022 68.184 -5 4.022 57.704 -5 4.583
4 16 57.704 -5 4.583 68.184 -5 4.022 67.489 -5 -7.958 57.115 -5 -7.402
4 16 57.115 -5 -7.402 67.489 -5 -7.958 67.489 0 -7.958 57.115 0 -7.402
4 16 57.115 0 -7.402 67.489 0 -7.958 67.257 0 -11.951 56.919 0 -11.397
4 16 67.257 0 -11.951 77.589 0 -12.598 77.589 -8 -12.598 67.257 -8 -11.951
4 16 67.257 -8 -11.951 77.589 -8 -12.598 78.035 -8 -5.947 67.643 -8 -5.297
4 16 67.643 -8 -5.297 78.035 -8 -5.947 78.035 -16 -5.947 67.643 -16 -5.297
4 16 67.643 -16 -5.297 78.035 -16 -5.947 78.481 -16 0.706 68.03 -16 1.36
4 16 68.03 -16 1.36 78.481 -16 0.706 78.481 -8 0.706 68.03 -8 1.36
4 16 68.03 -8 1.36 78.481 -8 0.706 78.927 -8 7.357 68.416 -8 8.015
4 16 68.416 -8 8.015 78.927 -8 7.357 78.927 0 7.357 68.416 0 8.015
4 16 68.416 0 8.015 78.927 0 7.357 78.66 0 3.366 68.184 0 4.022
4 16 68.184 0 4.022 78.66 0 3.366 78.66 -5 3.366 68.184 -5 4.022
4 16 68.184 -5 4.022 78.66 -5 3.366 77.857 -5 -8.607 67.489 -5 -7.958
4 16 67.489 -5 -7.958 77.857 -5 -8.607 77.857 0 -8.607 67.489 0 -7.958
4 16 67.489 0 -7.958 77.857 0 -8.607 77.589 0 -12.598 67.257 0 -11.951
4 16 77.589 0 -12.598 87.916 0 -13.336 87.916 -8 -13.336 77.589 -8 -12.598
4 16 77.589 -8 -12.598 87.916 -8 -13.336 88.421 -8 -6.69 78.035 -8 -5.947
4 16 78.035 -8 -5.947 88.421 -8 -6.69 88.421 -16 -6.69 78.035 -16 -5.947
4 16 78.035 -16 -5.947 88.421 -16 -6.69 88.926 -16 -0.041 78.481 -16 0.706
4 16 78.481 -16 0.706 88.926 -16 -0.041 88.926 -8 -0.041 78.481 -8 0.706
4 16 78.481 -8 0.706 88.926 -8 -0.041 89.432 -8 6.606 78.927 -8 7.357
4 16 78.927 -8 7.357 89.432 -8 6.606 89.432 0 6.606 78.927 0 7.357
4 16 78.927 0 7.357 89.432 0 6.606 89.129 0 2.618 78.66 0 3.366
4 16 78.66 0 3.366 89.129 0 2.618 89.129 -5 2.618 78.66 -5 3.366
4 16 78.66 -5 3.366 89.129 -5 2.618 88.219 -5 -9.348 77.857 -5 -8.607
4 16 77.857 -5 -8.607 88.219 -5 -9.348 88.219 0 -9.348 77.857 0 -8.607
4 16 77.857 0 -8.607 88.219 0 -9.348 87.916 0 -13.336 77.589 0 -12.598
4 16 87.916 0 -13.336 98.235 0 -14.167 98.235 -8 -14.167 87.916 -8 -13.336
4 16 87.916 -8 -13.336 98.235 -8 -14.167 98.8 -8 -7.525 88.421 -8 -6.69
4 16 88.421 -8 -6.69 98.8 -8 -7.525 98.8 -16 -7.525 88.421 -16 -6.69
4 16 88.421 -16 -6.69 98.8 -16 -7.525 99.365 -16 -0.881 88.926 -16 -0.041
4 16 88.926 -16 -0.041 99.365 -16 -0.881 99.365 -8 -0.881 88.926 -8 -0.041
4 16 88.926 -8 -0.041 99.365 -8 -0.881 99.929 -8 5.761 89.432 -8 6.606
4 16 89.432 -8 6.606 99.929 -8 5.761 99.929 0 5.761 89.432 0 6.606
4 16 89.432 0 6.606 99.929 0 5.761 99.59 0 1.775 89.129 0 2.618
4 16 89.129 0 2.618 99.59 0 1.775 99.59 -5 1.775 89.129 -5 2.618
4 16 89.129 -5 2.618 99.59 -5 1.775 98.574 -5 -10.181 88.219 -5 -9.348
4 16 88.219 -5 -9.348 98.574 -5 -10.181 98.574 0 -10.181 88.219 0 -9.348
4 16 88.219 0 -9.348 98.574 0 -10.181 98.235 0 -14.167 87.916 0 -13.336
4 16 98.235 0 -14.167 108.547 0 -15.09 108.547 -8 -15.09 98.235 -8 -14.167
4 16 98.235 -8 -14.167 108.547 -8 -15.09 109.171 -8 -8.453 98.8 -8 -7.525
4 16 98.8 -8 -7.525 109.171 -8 -8.453 109.171 -16 -8.453 98.8 -16 -7.525
4 16 98.8 -16 -7.525 109.171 -16 -8.453 109.795 -16 -1.814 99.365 -16 -0.881
4 16 99.365 -16 -0.881 109.795 -16 -1.814 109.795 -8 -1.814 99.365 -8 -0.881
4 16 99.365 -8 -0.881 109.795 -8 -1.814 110.419 -8 4.822 99.929 -8 5.761
4 16 99.929 -8 5.761 110.419 -8 4.822 110.419 0 4.822 99.929 0 5.761
4 16 99.929 0 5.761 110.419 0 4.822 110.044 0 0.84 99.59 0 1.775
4 16 99.59 0 1.775 110.044 0 0.84 110.044 -5 0.84 99.59 -5 1.775
4 16 99.59 -5 1.775 110.044 -5 0.84 108.922 -5 -11.107 98.574 -5 -10.181
4 16 98.574 -5 -10.181 108.922 -5 -11.107 108.922 0 -11.107 98.574 0 -10.181
4 16 98.574 0 -10.181 108.922 0 -11.107 108.547 0 -15.09 98.235 0 -14.167
4 16 108.547 0 -15.09 118.85 0 -16.105 118.85 -8 -16.105 108.547 -8 -15.09
4 16 108.547 -8 -15.09 118.85 -8 -16.105 119.533 -8 -9.474 109.171 -8 -8.453
4 16 109.171 -8 -8.453 119.533 -8 -9.474 119.533 -16 -9.474 109.171 -16 -8.453
4 16 109.171 -16 -8.453 119.533 -16 -9.474 120.216 -16 -2.841 109.795 -16 -1.814
4 16 109.795 -16 -1.814 120.216 -16 -2.841 120.216 -8 -2.841 109.795 -8 -1.814
4 16 109.795 -8 -1.814 120.216 -8 -2.841 120.899 -8 3.79 110.419 -8 4.822
4 16 110.419 -8 4.822 120.899 -8 3.79 120.899 0 3.79 110.419 0 4.822
4 16 110.419 0 4.822 120.899 0 3.79 120.49 0 -0.189 110.044 0 0.84
4 16 110.044 0 0.84 120.49 0 -0.189 120.49 -5 -0.189 110.044 -5 0.84
4 16 110.044 -5 0.84 120.49 -5 -0.189 119.26 -5 -12.126 108.922 -5 -11.107
4 16 108.922 -5 -11.107 119.26 -5 -12.126 119.26 0 -12.126 108.922 0 -11.107
4 16 108.922 0 -11.107 119.26 0 -12.126 118.85 0 -16.105 108.547 0 -15.09
4 16 118.85 0 -16.105 129.144 0 -17.211 129.144 -8 -17.211 118.85 -8 -16.105
4 16 118.85 -8 -16.105 129.144 -8 -17.211 129.886 -8 -10.587 119.533 -8 -9.474
4 16 119.533 -8 -9.474 129.886 -8 -10.587 129.886 -16 -10.587 119.533 -16 -9.474
4 16 119.533 -16 -9.474 129.886 -16 -10.587 130.628 -16 -3.96 120.216 -16 -2.841
4 16 120.216 -16 -2.841 130.628 -16 -3.96 130.628 -8 -3.96 120.216 -8 -2.841
4 16 120.216 -8 -2.841 130.628 -8 -3.96 131.371 -8 2.664 120.899 -8 3.79
4 16 120.899 -8 3.79 131.371 -8 2.664 131.371 0 2.664 120.899 0 3.79
4 16 120.899 0 3.79 131.371 0 2.664 130.925 0 -1.311 120.49 0 -0.189
4 16 120.49 0 -0.189 130.925 0 -1.311 130.925 -5 -1.311 120.49 -5 -0.189
4 16 120.49 -5 -0.189 130.925 -5 -1.311 129.589 -5 -13.236 119.26 -5 -12.126
4 16 119.26 -5 -12.126 129.589 -5 -13.236 129.589 0 -13.236 119.26 0 -12.126
4 16 119.26 0 -12.126 129.589 0 -13.236 129.144 0 -17.211 118.85 0 -16.105
4 16 129.144 0 -17.211 139.427 0 -18.41 139.427 -8 -18.41 129.144 -8 -17.211
4 16 129.144 -8 -17.211 139.427 -8 -18.41 140.228 -8 -11.792 129.886 -8 -10.587
4 16 129.886 -8 -10.587 140.228 -8 -11.792 140.228 -16 -11.792 129.886 -16 -10.587
4 16 129.886 -16 -10.587 140.228 -16 -11.792 141.03 -16 -5.172 130.628 -16 -3.96
4 16 130.628 -16 -3.96 141.03 -16 -5.172 141.03 -8 -5.172 130.628 -8 -3.96
4 16 130.628 -8 -3.96 141.03 -8 -5.172 141.831 -8 1.445 131.371 -8 2.664
4 16 131.371 -8 2.664 141.831 -8 1.445 141.831 0 1.445 131.371 0 2.664
4 16 131.371 0 2.664 141.831 0 1.445 141.35 0 -2.526 130.925 0 -1.311
4 16 130.925 0 -1.311 141.35 0 -2.526 141.35 -5 -2.526 130.925 -5 -1.311
4 16 130.925 -5 -1.311 141.35 -5 -2.526 139.908 -5 -14.439 129.589 -5 -13.236
4 16 129.589 -5 -13.236 139.908 -5 -14.439 139.908 0 -14.439 129.589 0 -13.236
4 16 129.589 0 -13.236 139.908 0 -14.439 139.427 0 -18.41 129.144 0 -17.211
4 16 139.427 0 -18.41 149.699 0 -19.7 149.699 -8 -19.7 139.427 -8 -18.41
4 16 139.427 -8 -18.41 149.699 -8 -19.7 150.56 -8 -13.09 140.228 -8 -11.792
4 16 140.228 -8 -11.792 150.56 -8 -13.09 150.56 -16 -13.09 140.228 -16 -11.792
4 16 140.228 -16 -11.792 150.56 -16 -13.09 151.42 -16 -6.478 141.03 -16 -5.172
4 16 141.03 -16 -5.172 151.42 -16 -6.478 151.42 -8 -6.478 141.03 -8 -5.172
4 16 141.03 -8 -5.172 151.42 -8 -6.478 152.281 -8 0.133 141.831 -8 1.445
4 16 141.831 -8 1.445 152.281 -8 0.133 152.281 0 0.133 141.831 0 1.445
4 16 141.831 0 1.445 152.281 0 0.133 151.764 0 -3.834 141.35 0 -2.526
4 16 141.35 0 -2.526 151.764 0 -3.834 151.764 -5 -3.834 141.35 -5 -2.526
4 16 141.35 -5 -2.526 151.764 -5 -3.834 150.216 -5 -15.733 139.908 -5 -14.439
4 16 139.908 -5 -14.439 150.216 -5 -15.733 150.216 0 -15.733 139.908 0 -14.439
4 16 139.908 0 -14.439 150.216 0 -15.733 149.699 0 -19.7 139.427 0 -18.41
4 16 149.699 0 -19.7 159.96 0 -21.082 159.96 -8 -21.082 149.699 -8 -19.7
4 16 149.699 -8 -19.7 159.96 -8 -21.082 160.879 -8 -14.48 150.56 -8 -13.09
4 16 150.56 -8 -13.09 160.879 -8 -14.48 160.879 -16 -14.48 150.56 -16 -13.09
4 16 150.56 -16 -13.09 160.879 -16 -14.48 161.798 -16 -7.875 151.42 -16 -6.478
4 16 151.42 -16 -6.478 161.798 -16 -7.875 161.798 -8 -7.875 151.42 -8 -6.478
4 16 151.42 -8 -6.478 161.798 -8 -7.875 162.718 -8 -1.273 152.281 -8 0.133
4 16 152.281 -8 0.133 162.718 -8 -1.273 162.718 0 -1.273 152.281 0 0.133
4 16 152.281 0 0.133 162.718 0 -1.273 162.166 0 -5.235 151.764 0 -3.834
4 16 151.764 0 -3.834 162.166 0 -5.235 162.166 -5 -5.235 151.764 -5 -3.834
4 16 151.764 -5 -3.834 162.166 -5 -5.235 160.511 -5 -17.12 150.216 -5 -15.733
4 16 150.216 -5 -15.733 160.511 -5 -17.12 160.511 0 -17.12 150.216 0 -15.733
4 16 150.216 0 -15.733 160.511 0 -17.12 159.96 0 -21.082 149.699 0 -19.7
4 16 159.96 0 -21.082 170.207 0 -22.555 170.207 -8 -22.555 159.96 -8 -21.082
4 16 159.96 -8 -21.082 170.207 -8 -22.555 171.185 -8 -15.961 160.879 -8 -14.48
4 16 160.879 -8 -14.48 171.185 -8 -15.961 171.185 -16 -15.961 160.879 -16 -14.48
4 16 160.879 -16 -14.48 171.185 -16 -15.961 172.164 -16 -9.366 161.798 -16 -7.875
4 16 161.798 -16 -7.875 172.164 -16 -9.366 172.164 -8 -9.366 161.798 -8 -7.875
4 16 161.798 -8 -7.875 172.164 -8 -9.366 173.142 -8 -2.772 162.718 -8 -1.273
4 16 162.718 -8 -1.273 173.142 -8 -2.772 173.142 0 -2.772 162.718 0 -1.273
4 16 162.718 0 -1.273 173.142 0 -2.772 172.555 0 -6.728 162.166 0 -5.235
4 16 162.166 0 -5.235 172.555 0 -6.728 172.555 -5 -6.728 162.166 -5 -5.235
4 16 162.166 -5 -5.235 172.555 -5 -6.728 170.794 -5 -18.599 160.511 -5 -17.12
4 16 160.511 -5 -17.12 170.794 -5 -18.599 170.794 0 -18.599 160.511 0 -17.12
4 16 160.511 0 -17.12 170.794 0 -18.599 170.207 0 -22.555 159.96 0 -21.082
4 16 170.207 0 -22.555 180.441 0 -24.12 180.441 -8 -24.12 170.207 -8 -22.555
4 16 170.207 -8 -22.555 180.441 -8 -24.12 181.478 -8 -17.535 171.185 -8 -15.961
4 16 171.185 -8 -15.961 181.478 -8 -17.535 181.478 -16 -17.535 171.185 -16 -15.961
4 16 171.185 -16 -15.961 181.478 -16 -17.535 182.515 -16 -10.948 172.164 -16 -9.366
4 16 172.164 -16 -9.366 182.515 -16 -10.948 182.515 -8 -10.948 172.164 -8 -9.366
4 16 172.164 -8 -9.366 182.515 -8 -10.948 183.552 -8 -4.363 173.142 -8 -2.772
4 16 173.142 -8 -2.772 183.552 -8 -4.363 183.552 0 -4.363 173.142 0 -2.772
4 16 173.142 0 -2.772 183.552 0 -4.363 182.93 0 -8.315 172.555 0 -6.728
4 16 172.555 0 -6.728 182.93 0 -8.315 182.93 -5 -8.315 172.555 -5 -6.728
4 16 172.555 -5 -6.728 182.93 -5 -8.315 181.064 -5 -20.169 170.794 -5 -18.599
4 16 170.794 -5 -18.599 181.064 -5 -20.169 181.064 0 -20.169 170.794 0 -18.599
4 16 170.794 0 -18.599 181.064 0 -20.169 180.441 0 -24.12 170.207 0 -22.555
4 16 180.441 0 -24.12 190.661 0 -25.776 190.661 -8 -25.776 180.441 -8 -24.12
4 16 180.441 -8 -24.12 190.661 -8 -25.776 191.757 -8 -19.201 181.478 -8 -17.535
4 16 181.478 -8 -17.535 191.757 -8 -19.201 191.757 -16 -19.201 181.478 -16 -17.535
4 16 181.478 -16 -17.535 191.757 -16 -19.201 192.853 -16 -12.623 182.515 -16 -10.948
4 16 182.515 -16 -10.948 192.853 -16 -12.623 192.853 -8 -12.623 182.515 -8 -10.948
4 16 182.515 -8 -10.948 192.853 -8 -12.623 193.948 -8 -6.048 183.552 -8 -4.363
4 16 183.552 -8 -4.363 193.948 -8 -6.048 193.948 0 -6.048 183.552 0 -4.363
3 16 183.552 0 -4.363 185.917 0 -8.799 182.93 0 -8.315
4 16 190.661 0 -25.776 200.865 0 -27.523 200.865 -8 -27.523 190.661 -8 -25.776
4 16 190.661 -8 -25.776 200.865 -8 -27.523 202.02 -8 -20.958 191.757 -8 -19.201
4 16 191.757 -8 -19.201 202.02 -8 -20.958 202.02 -16 -20.958 191.757 -16 -19.201
4 16 191.757 -16 -19.201 202.02 -16 -20.958 203.174 -16 -14.391 192.853 -16 -12.623
4 16 192.853 -16 -12.623 203.174 -16 -14.391 203.174 -8 -14.391 192.853 -8 -12.623
4 16 192.853 -8 -12.623 203.174 -8 -14.391 204.329 -8 -7.825 193.948 -8 -6.048
4 16 193.948 -8 -6.048 204.329 -8 -7.825 204.329 0 -7.825 193.948 0 -6.048
4 16 200.865 0 -27.523 211.054 0 -29.361 211.054 -8 -29.361 200.865 -8 -27.523
4 16 200.865 -8 -27.523 211.054 -8 -29.361 212.267 -8 -22.807 202.02 -8 -20.958
4 16 202.02 -8 -20.958 212.267 -8 -22.807 212.267 -16 -22.807 202.02 -16 -20.958
4 16 202.02 -16 -20.958 212.267 -16 -22.807 213.48 -16 -16.25 203.174 -16 -14.391
4 16 203.174 -16 -14.391 213.48 -16 -16.25 213.48 -8 -16.25 203.174 -8 -14.391
4 16 203.174 -8 -14.391 213.48 -8 -16.25 214.693 -8 -9.695 204.329 -8 -7.825
4 16 204.329 -8 -7.825 214.693 -8 -9.695 214.693 0 -9.695 204.329 0 -7.825
4 16 211.054 0 -29.361 221.226 0 -31.291 221.226 -8 -31.291 211.054 -8 -29.361
4 16 211.054 -8 -29.361 221.226 -8 -31.291 222.497 -8 -24.747 212.267 -8 -22.807
4 16 212.267 -8 -22.807 222.497 -8 -24.747 222.497 -16 -24.747 212.267 -16 -22.807
4 16 211.472 -5 -25.372 221.988 -5 -27.364 221.988 0 -27.364 211.472 0 -25.372
4 16 211.472 0 -25.372 221.988 0 -27.364 221.226 0 -31.291 211.054 0 -29.361
4 16 221.226 0 -31.291 231.38 0 -33.31 231.38 -8 -33.31 221.226 -8 -31.291
4 16 221.226 -8 -31.291 231.38 -8 -33.31 232.709 -8 -26.778 222.497 -8 -24.747
4 16 222.497 -8 -24.747 232.709 -8 -26.778 232.709 -16 -26.778 222.497 -16 -24.747
4 16 221.988 -5 -27.364 232.177 -5 -29.391 232.177 0 -29.391 221.988 0 -27.364
4 16 221.988 0 -27.364 232.177 0 -29.391 231.38 0 -33.31 221.226 0 -31.291
3 16 238.064 -5 -24.432 236.883 -5 -30.371 232.177 -5 -29.391
3 16 -238.064 -16 -24.432 -234.039 -16 -20.244 -238.704 -16 -21.215
4 16 -234.039 -8 -20.244 -238.704 -8 -21.215 -238.704 -16 -21.215 -234.039 -16 -20.244
4 16 -240.004 -8 -14.677 -238.704 -8 -21.215 -234.039 -8 -20.244 -235.369 -8 -13.712
4 16 -240.004 -8 -14.677 -235.369 -8 -13.712 -235.369 0 -13.712 -240.004 0 -14.677
4 16 -234.571 0 -17.632 -239.224 0 -18.601 -240.004 0 -14.677 -235.369 0 -13.712
4 16 -234.571 -5 -17.632 -239.224 -5 -18.601 -239.224 0 -18.601 -234.571 0 -17.632
3 16 -238.064 -5 -24.432 -239.224 -5 -18.601 -234.571 -5 -17.632
4 16 -223.768 -16 -18.201 -234.039 -16 -20.244 -238.064 -16 -24.432 -218.448 -16 -20.53
4 16 -238.064 -5 -24.432 -234.571 -5 -17.632 -224.277 -5 -15.584 -218.448 -5 -20.53
4 16 -211.054 -8 -29.361 -216.486 -8 -30.392 -216.486 0 -30.392 -211.054 0 -29.361
4 16 -211.054 -8 -29.361 -212.267 -8 -22.807 -217.787 -8 -23.854 -216.486 -8 -30.392
4 16 -217.787 -8 -23.854 -212.267 -8 -22.807 -212.267 -16 -22.807 -217.787 -16 -23.854
3 16 -213.48 -16 -16.25 -223.768 -16 -18.201 -218.448 -16 -20.53
4 16 -218.448 -16 -20.53 -217.787 -16 -23.854 -212.267 -16 -22.807 -213.48 -16 -16.25
4 16 -211.472 0 -25.372 -217.267 0 -26.468 -217.267 -5 -26.468 -211.472 -5 -25.372
4 16 -216.486 0 -30.392 -217.267 0 -26.468 -211.472 0 -25.372 -211.054 0 -29.361
4 16 213.48 -16 -16.25 212.267 -16 -22.807 218.448 -16 -20.53 219.088 -16 -17.313
3 16 218.448 -16 -20.53 212.267 -16 -22.807 222.497 -16 -24.747
4 16 213.48 -8 -16.25 213.48 -16 -16.25 219.088 -16 -17.313 219.088 -8 -17.313
4 16 213.48 -8 -16.25 219.088 -8 -17.313 220.388 -8 -10.776 214.693 -8 -9.695
4 16 214.693 -8 -9.695 220.388 -8 -10.776 220.388 0 -10.776 214.693 0 -9.695
4 16 220.388 0 -10.776 219.608 0 -14.699 213.612 0 -13.565 214.693 0 -9.695
4 16 213.612 0 -13.565 219.608 0 -14.699 219.608 -5 -14.699 213.612 -5 -13.565
3 16 218.448 -5 -20.53 221.988 -5 -27.364 211.472 -5 -25.372
4 16 219.608 -5 -14.699 218.448 -5 -20.53 211.472 -5 -25.372 213.612 -5 -13.565
4 16 238.064 -16 -24.432 218.448 -16 -20.53 222.497 -16 -24.747 232.709 -16 -26.778
4 16 238.064 -5 -24.432 232.177 -5 -29.391 221.988 -5 -27.364 218.448 -5 -20.53
4 16 236.102 0 -34.294 236.102 -8 -34.294 231.38 -8 -33.31 231.38 0 -33.31
4 16 236.102 -8 -34.294 237.403 -8 -27.756 232.709 -8 -26.778 231.38 -8 -33.31
4 16 232.709 -16 -26.778 232.709 -8 -26.778 237.403 -8 -27.756 237.403 -16 -27.756
3 16 238.064 -16 -24.432 232.709 -16 -26.778 237.403 -16 -27.756
4 16 232.177 -5 -29.391 236.883 -5 -30.371 236.883 0 -30.371 232.177 0 -29.391
4 16 232.177 0 -29.391 236.883 0 -30.371 236.102 0 -34.294 231.38 0 -33.31
3 16 -183.552 0 -4.363 -182.93 0 -8.315 -185.917 0 -8.799
4 16 -185.917 -5 -8.799 -185.917 0 -8.799 -182.93 0 -8.315 -182.93 -5 -8.315
4 16 -183.979 -5 -20.641 -185.917 -5 -8.799 -182.93 -5 -8.315 -181.064 -5 -20.169
4 16 -183.979 -5 -20.641 -181.064 -5 -20.169 -181.064 0 -20.169 -183.979 0 -20.641
3 16 -180.441 0 -24.12 -183.979 0 -20.641 -181.064 0 -20.169
4 16 185.917 -5 -8.799 182.93 -5 -8.315 182.93 0 -8.315 185.917 0 -8.799
4 16 183.979 -5 -20.641 181.064 -5 -20.169 182.93 -5 -8.315 185.917 -5 -8.799
4 16 181.064 0 -20.169 181.064 -5 -20.169 183.979 -5 -20.641 183.979 0 -20.641
3 16 183.979 0 -20.641 180.441 0 -24.12 181.064 0 -20.169
4 16 -4 0 5.988 -4 0 -6.012 -4 -5 -6.012 -4 -5 5.988
4 16 -4 0 5.988 4 0 5.988 4 0 -6.012 -4 0 -6.012
4 16 4 -5 5.988 4 -5 -6.012 4 0 -6.012 4 0 5.988
4 16 -5.266 0 9.988 5.266 0 9.988 4 0 5.988 -4 0 5.988
4 16 5.176 0 -10.012 -5.176 0 -10.012 -4 0 -6.012 4 0 -6.012
4 16 183.979 0 -20.641 183.979 -5 -20.641 185.917 -5 -8.799 185.917 0 -8.799
4 16 191.876 0 -21.925 183.979 0 -20.641 185.917 0 -8.799 193.813 0 -10.083
4 16 191.876 -5 -21.925 191.876 0 -21.925 193.813 0 -10.083 193.813 -5 -10.083
4 16 205.739 -5 -12.145 203.599 -5 -23.952 191.876 -5 -21.925 193.813 -5 -10.083
4 16 203.599 0 -23.952 203.599 -5 -23.952 205.739 -5 -12.145 205.739 0 -12.145
4 16 203.599 0 -23.952 205.739 0 -12.145 213.612 0 -13.565 211.472 0 -25.372
4 16 213.612 -5 -13.565 211.472 -5 -25.372 211.472 0 -25.372 213.612 0 -13.565
4 16 203.599 0 -23.952 191.876 0 -21.926 191.876 -5 -21.926 203.599 -5 -23.952
4 16 205.739 -5 -12.145 193.813 -5 -10.083 193.813 0 -10.083 205.739 0 -12.145
4 16 183.552 0 -4.363 193.948 0 -6.048 193.813 0 -10.083 185.917 0 -8.799
4 16 193.948 0 -6.048 204.329 0 -7.825 205.739 0 -12.145 193.813 0 -10.083
4 16 204.329 0 -7.825 214.693 0 -9.695 213.612 0 -13.565 205.739 0 -12.145
4 16 183.979 0 -20.641 191.876 0 -21.926 190.661 0 -25.776 180.441 0 -24.12
4 16 191.876 0 -21.926 203.599 0 -23.952 200.865 0 -27.523 190.661 0 -25.776
4 16 203.599 0 -23.952 211.472 0 -25.372 211.054 0 -29.361 200.865 0 -27.523
4 16 -211.472 0 -25.372 -211.472 -5 -25.372 -213.612 -5 -13.565 -213.612 0 -13.565
4 16 -205.739 0 -12.145 -203.599 0 -23.952 -211.472 0 -25.372 -213.612 0 -13.565
4 16 -203.599 -5 -23.952 -203.599 0 -23.952 -205.739 0 -12.145 -205.739 -5 -12.145
4 16 -193.813 -5 -10.083 -193.813 0 -10.083 -191.876 0 -21.925 -191.876 -5 -21.925
4 16 -191.876 -5 -21.926 -203.599 -5 -23.952 -205.739 -5 -12.145 -193.813 -5 -10.083
4 16 -185.917 0 -8.799 -183.979 0 -20.641 -191.876 0 -21.925 -193.813 0 -10.083
4 16 -185.917 0 -8.799 -185.917 -5 -8.799 -183.979 -5 -20.641 -183.979 0 -20.641
4 16 -203.599 -5 -23.952 -191.876 -5 -21.926 -191.876 0 -21.926 -203.599 0 -23.952
4 16 -205.739 0 -12.145 -193.813 0 -10.083 -193.813 -5 -10.083 -205.739 -5 -12.145
4 16 -185.917 0 -8.799 -193.813 0 -10.083 -193.948 0 -6.048 -183.552 0 -4.363
4 16 -193.813 0 -10.083 -205.739 0 -12.145 -204.329 0 -7.825 -193.948 0 -6.048
4 16 -205.739 0 -12.145 -213.612 0 -13.565 -214.693 0 -9.695 -204.329 0 -7.825
4 16 -180.441 0 -24.12 -190.661 0 -25.776 -191.876 0 -21.926 -183.979 0 -20.641
4 16 -190.661 0 -25.776 -200.865 0 -27.523 -203.599 0 -23.952 -191.876 0 -21.926
4 16 -200.865 0 -27.523 -211.054 0 -29.361 -211.472 0 -25.372 -203.599 0 -23.952
4 16 219.608 -5 -14.699 219.608 0 -14.699 220.388 0 -10.776 220.388 -8 -10.776
4 16 218.448 -5 -20.53 219.608 -5 -14.699 220.388 -8 -10.776 219.088 -8 -17.313
4 16 218.448 -16 -20.53 218.448 -5 -20.53 219.088 -8 -17.313 219.088 -16 -17.313
4 16 238.064 -16 -24.432 238.064 -5 -24.432 218.448 -5 -20.53 218.448 -16 -20.53
4 16 237.403 -8 -27.756 238.064 -5 -24.432 238.064 -16 -24.432 237.403 -16 -27.756
4 16 236.102 -8 -34.294 236.883 -5 -30.37 238.064 -5 -24.432 237.403 -8 -27.756
4 16 236.102 0 -34.294 236.883 0 -30.37 236.883 -5 -30.37 236.102 -8 -34.294
4 16 -239.224 -5 -18.601 -240.004 -8 -14.677 -240.004 0 -14.677 -239.224 0 -18.601
4 16 -238.064 -5 -24.432 -238.704 -8 -21.215 -240.004 -8 -14.677 -239.224 -5 -18.601
4 16 -238.064 -16 -24.432 -238.704 -16 -21.215 -238.704 -8 -21.215 -238.064 -5 -24.432
4 16 -218.448 -5 -20.53 -218.448 -16 -20.53 -238.064 -16 -24.432 -238.064 -5 -24.432
4 16 -217.787 -8 -23.854 -217.787 -16 -23.854 -218.448 -16 -20.53 -218.448 -5 -20.53
4 16 -216.486 -8 -30.392 -217.787 -8 -23.854 -218.448 -5 -20.53 -217.267 -5 -26.468
4 16 -216.486 0 -30.392 -216.486 -8 -30.392 -217.267 -5 -26.468 -217.267 0 -26.468
0 
0 // Unmatched edges
0 // Added lines/Condlines
2 24 -234.039 -16 -20.244 -223.768 -16 -18.201
5 24 -223.768 -16 -18.201 -223.768 -8 -18.201 -234.039 -16 -20.244 -213.48 -16 -16.25
2 24 -223.768 -8 -18.201 -234.039 -8 -20.244
5 24 -234.039 -8 -20.244 -234.039 -16 -20.244 -223.768 -16 -18.201 -238.704 -8 -21.215
2 24 -225.04 -8 -11.658 -235.369 -8 -13.712
5 24 -225.04 -8 -11.658 -225.04 0 -11.658 -235.369 -8 -13.712 -214.693 -8 -9.695
2 24 -225.04 0 -11.658 -235.369 0 -13.712
5 24 -235.369 0 -13.712 -235.369 -8 -13.712 -225.04 -8 -11.658 -240.004 -8 -14.677
2 24 -224.277 0 -15.584 -234.571 0 -17.632
5 24 -224.277 0 -15.584 -224.277 -5 -15.584 -234.571 0 -17.632 -213.612 0 -13.565
2 24 -224.277 -5 -15.584 -234.571 -5 -17.632
5 24 -234.571 -5 -17.632 -234.571 0 -17.632 -224.277 0 -15.584 -239.224 -5 -18.601
2 24 -223.768 -16 -18.201 -213.48 -16 -16.25
5 24 -213.48 -16 -16.25 -213.48 -8 -16.25 -223.768 -16 -18.201 -203.174 -16 -14.391
2 24 -213.48 -8 -16.25 -223.768 -8 -18.201
2 24 -214.693 -8 -9.695 -225.04 -8 -11.658
5 24 -214.693 -8 -9.695 -214.693 0 -9.695 -225.04 -8 -11.658 -204.329 -8 -7.825
2 24 -214.693 0 -9.695 -225.04 0 -11.658
2 24 -213.612 0 -13.565 -224.277 0 -15.584
2 24 -213.612 0 -13.565 -213.612 -5 -13.565
2 24 -213.612 -5 -13.565 -224.277 -5 -15.584
2 24 -213.612 -5 -13.565 -211.472 -5 -25.372
2 24 -211.472 -5 -25.372 -217.267 -5 -26.468
2 24 -217.267 -5 -26.468 -218.448 -5 -20.53
2 24 -211.054 0 -29.361 -200.865 0 -27.523
5 24 -200.865 0 -27.523 -200.865 -8 -27.523 -211.054 0 -29.361 -190.661 0 -25.776
2 24 -200.865 -8 -27.523 -211.054 -8 -29.361
5 24 -211.054 -8 -29.361 -211.054 0 -29.361 -200.865 0 -27.523 -216.486 -8 -30.392
2 24 -202.02 -8 -20.958 -212.267 -8 -22.807
5 24 -202.02 -8 -20.958 -202.02 -16 -20.958 -212.267 -8 -22.807 -191.757 -8 -19.201
2 24 -202.02 -16 -20.958 -212.267 -16 -22.807
5 24 -212.267 -16 -22.807 -212.267 -8 -22.807 -202.02 -8 -20.958 -217.787 -8 -23.854
2 24 -203.174 -16 -14.391 -213.48 -16 -16.25
5 24 -203.174 -16 -14.391 -203.174 -8 -14.391 -213.48 -16 -16.25 -192.853 -16 -12.623
2 24 -203.174 -8 -14.391 -213.48 -8 -16.25
2 24 -204.329 -8 -7.825 -214.693 -8 -9.695
5 24 -204.329 -8 -7.825 -204.329 0 -7.825 -214.693 -8 -9.695 -193.948 -8 -6.048
2 24 -204.329 0 -7.825 -214.693 0 -9.695
2 24 -200.865 0 -27.523 -190.661 0 -25.776
5 24 -190.661 0 -25.776 -190.661 -8 -25.776 -200.865 0 -27.523 -180.441 0 -24.12
2 24 -190.661 -8 -25.776 -200.865 -8 -27.523
2 24 -191.757 -8 -19.201 -202.02 -8 -20.958
5 24 -191.757 -8 -19.201 -191.757 -16 -19.201 -202.02 -8 -20.958 -181.478 -8 -17.535
2 24 -191.757 -16 -19.201 -202.02 -16 -20.958
2 24 -192.853 -16 -12.623 -203.174 -16 -14.391
5 24 -192.853 -16 -12.623 -192.853 -8 -12.623 -203.174 -16 -14.391 -182.515 -16 -10.948
2 24 -192.853 -8 -12.623 -203.174 -8 -14.391
2 24 -193.948 -8 -6.048 -204.329 -8 -7.825
5 24 -193.948 -8 -6.048 -193.948 0 -6.048 -204.329 -8 -7.825 -183.552 -8 -4.363
2 24 -193.948 0 -6.048 -204.329 0 -7.825
2 24 -190.661 0 -25.776 -180.441 0 -24.12
5 24 -180.441 0 -24.12 -180.441 -8 -24.12 -190.661 0 -25.776 -170.207 0 -22.555
2 24 -180.441 -8 -24.12 -190.661 -8 -25.776
2 24 -181.478 -8 -17.535 -191.757 -8 -19.201
5 24 -181.478 -8 -17.535 -181.478 -16 -17.535 -191.757 -8 -19.201 -171.185 -8 -15.961
2 24 -181.478 -16 -17.535 -191.757 -16 -19.201
2 24 -182.515 -16 -10.948 -192.853 -16 -12.623
5 24 -182.515 -16 -10.948 -182.515 -8 -10.948 -192.853 -16 -12.623 -172.164 -16 -9.366
2 24 -182.515 -8 -10.948 -192.853 -8 -12.623
2 24 -183.552 -8 -4.363 -193.948 -8 -6.048
5 24 -183.552 -8 -4.363 -183.552 0 -4.363 -193.948 -8 -6.048 -173.142 -8 -2.772
2 24 -183.552 0 -4.363 -193.948 0 -6.048
2 24 -180.441 0 -24.12 -170.207 0 -22.555
5 24 -170.207 0 -22.555 -170.207 -8 -22.555 -180.441 0 -24.12 -159.96 0 -21.082
2 24 -170.207 -8 -22.555 -180.441 -8 -24.12
2 24 -171.185 -8 -15.961 -181.478 -8 -17.535
5 24 -171.185 -8 -15.961 -171.185 -16 -15.961 -181.478 -8 -17.535 -160.879 -8 -14.48
2 24 -171.185 -16 -15.961 -181.478 -16 -17.535
2 24 -172.164 -16 -9.366 -182.515 -16 -10.948
5 24 -172.164 -16 -9.366 -172.164 -8 -9.366 -182.515 -16 -10.948 -161.798 -16 -7.875
2 24 -172.164 -8 -9.366 -182.515 -8 -10.948
2 24 -173.142 -8 -2.772 -183.552 -8 -4.363
5 24 -173.142 -8 -2.772 -173.142 0 -2.772 -183.552 -8 -4.363 -162.718 -8 -1.273
2 24 -173.142 0 -2.772 -183.552 0 -4.363
2 24 -172.555 0 -6.728 -182.93 0 -8.315
5 24 -172.555 0 -6.728 -172.555 -5 -6.728 -182.93 0 -8.315 -162.166 0 -5.235
2 24 -172.555 -5 -6.728 -182.93 -5 -8.315
5 24 -182.93 -5 -8.315 -182.93 0 -8.315 -172.555 0 -6.728 -185.917 -5 -8.799
2 24 -170.794 -5 -18.599 -181.064 -5 -20.169
5 24 -170.794 -5 -18.599 -170.794 0 -18.599 -181.064 -5 -20.169 -160.511 -5 -17.12
2 24 -170.794 0 -18.599 -181.064 0 -20.169
5 24 -181.064 0 -20.169 -181.064 -5 -20.169 -170.794 -5 -18.599 -183.979 -5 -20.641
2 24 -170.207 0 -22.555 -159.96 0 -21.082
5 24 -159.96 0 -21.082 -159.96 -8 -21.082 -170.207 0 -22.555 -149.699 0 -19.7
2 24 -159.96 -8 -21.082 -170.207 -8 -22.555
2 24 -160.879 -8 -14.48 -171.185 -8 -15.961
5 24 -160.879 -8 -14.48 -160.879 -16 -14.48 -171.185 -8 -15.961 -150.56 -8 -13.09
2 24 -160.879 -16 -14.48 -171.185 -16 -15.961
2 24 -161.798 -16 -7.875 -172.164 -16 -9.366
5 24 -161.798 -16 -7.875 -161.798 -8 -7.875 -172.164 -16 -9.366 -151.42 -16 -6.478
2 24 -161.798 -8 -7.875 -172.164 -8 -9.366
2 24 -162.718 -8 -1.273 -173.142 -8 -2.772
5 24 -162.718 -8 -1.273 -162.718 0 -1.273 -173.142 -8 -2.772 -152.281 -8 0.133
2 24 -162.718 0 -1.273 -173.142 0 -2.772
2 24 -162.166 0 -5.235 -172.555 0 -6.728
5 24 -162.166 0 -5.235 -162.166 -5 -5.235 -172.555 0 -6.728 -151.764 0 -3.834
2 24 -162.166 -5 -5.235 -172.555 -5 -6.728
2 24 -160.511 -5 -17.12 -170.794 -5 -18.599
5 24 -160.511 -5 -17.12 -160.511 0 -17.12 -170.794 -5 -18.599 -150.216 -5 -15.733
2 24 -160.511 0 -17.12 -170.794 0 -18.599
2 24 -159.96 0 -21.082 -149.699 0 -19.7
5 24 -149.699 0 -19.7 -149.699 -8 -19.7 -159.96 0 -21.082 -139.427 0 -18.41
2 24 -149.699 -8 -19.7 -159.96 -8 -21.082
2 24 -150.56 -8 -13.09 -160.879 -8 -14.48
5 24 -150.56 -8 -13.09 -150.56 -16 -13.09 -160.879 -8 -14.48 -140.228 -8 -11.792
2 24 -150.56 -16 -13.09 -160.879 -16 -14.48
2 24 -151.42 -16 -6.478 -161.798 -16 -7.875
5 24 -151.42 -16 -6.478 -151.42 -8 -6.478 -161.798 -16 -7.875 -141.03 -16 -5.172
2 24 -151.42 -8 -6.478 -161.798 -8 -7.875
2 24 -152.281 -8 0.133 -162.718 -8 -1.273
5 24 -152.281 -8 0.133 -152.281 0 0.133 -162.718 -8 -1.273 -141.831 -8 1.445
2 24 -152.281 0 0.133 -162.718 0 -1.273
2 24 -151.764 0 -3.834 -162.166 0 -5.235
5 24 -151.764 0 -3.834 -151.764 -5 -3.834 -162.166 0 -5.235 -141.35 0 -2.526
2 24 -151.764 -5 -3.834 -162.166 -5 -5.235
2 24 -150.216 -5 -15.733 -160.511 -5 -17.12
5 24 -150.216 -5 -15.733 -150.216 0 -15.733 -160.511 -5 -17.12 -139.908 -5 -14.439
2 24 -150.216 0 -15.733 -160.511 0 -17.12
2 24 -149.699 0 -19.7 -139.427 0 -18.41
5 24 -139.427 0 -18.41 -139.427 -8 -18.41 -149.699 0 -19.7 -129.144 0 -17.211
2 24 -139.427 -8 -18.41 -149.699 -8 -19.7
2 24 -140.228 -8 -11.792 -150.56 -8 -13.09
5 24 -140.228 -8 -11.792 -140.228 -16 -11.792 -150.56 -8 -13.09 -129.886 -8 -10.587
2 24 -140.228 -16 -11.792 -150.56 -16 -13.09
2 24 -141.03 -16 -5.172 -151.42 -16 -6.478
5 24 -141.03 -16 -5.172 -141.03 -8 -5.172 -151.42 -16 -6.478 -130.628 -16 -3.96
2 24 -141.03 -8 -5.172 -151.42 -8 -6.478
2 24 -141.831 -8 1.445 -152.281 -8 0.133
5 24 -141.831 -8 1.445 -141.831 0 1.445 -152.281 -8 0.133 -131.371 -8 2.664
2 24 -141.831 0 1.445 -152.281 0 0.133
2 24 -141.35 0 -2.526 -151.764 0 -3.834
5 24 -141.35 0 -2.526 -141.35 -5 -2.526 -151.764 0 -3.834 -130.925 0 -1.311
2 24 -141.35 -5 -2.526 -151.764 -5 -3.834
2 24 -139.908 -5 -14.439 -150.216 -5 -15.733
5 24 -139.908 -5 -14.439 -139.908 0 -14.439 -150.216 -5 -15.733 -129.589 -5 -13.236
2 24 -139.908 0 -14.439 -150.216 0 -15.733
2 24 -139.427 0 -18.41 -129.144 0 -17.211
5 24 -129.144 0 -17.211 -129.144 -8 -17.211 -139.427 0 -18.41 -118.85 0 -16.105
2 24 -129.144 -8 -17.211 -139.427 -8 -18.41
2 24 -129.886 -8 -10.587 -140.228 -8 -11.792
5 24 -129.886 -8 -10.587 -129.886 -16 -10.587 -140.228 -8 -11.792 -119.533 -8 -9.474
2 24 -129.886 -16 -10.587 -140.228 -16 -11.792
2 24 -130.628 -16 -3.96 -141.03 -16 -5.172
5 24 -130.628 -16 -3.96 -130.628 -8 -3.96 -141.03 -16 -5.172 -120.216 -16 -2.841
2 24 -130.628 -8 -3.96 -141.03 -8 -5.172
2 24 -131.371 -8 2.664 -141.831 -8 1.445
5 24 -131.371 -8 2.664 -131.371 0 2.664 -141.831 -8 1.445 -120.899 -8 3.79
2 24 -131.371 0 2.664 -141.831 0 1.445
2 24 -130.925 0 -1.311 -141.35 0 -2.526
5 24 -130.925 0 -1.311 -130.925 -5 -1.311 -141.35 0 -2.526 -120.49 0 -0.189
2 24 -130.925 -5 -1.311 -141.35 -5 -2.526
2 24 -129.589 -5 -13.236 -139.908 -5 -14.439
5 24 -129.589 -5 -13.236 -129.589 0 -13.236 -139.908 -5 -14.439 -119.26 -5 -12.126
2 24 -129.589 0 -13.236 -139.908 0 -14.439
2 24 -129.144 0 -17.211 -118.85 0 -16.105
5 24 -118.85 0 -16.105 -118.85 -8 -16.105 -129.144 0 -17.211 -108.547 0 -15.09
2 24 -118.85 -8 -16.105 -129.144 -8 -17.211
2 24 -119.533 -8 -9.474 -129.886 -8 -10.587
5 24 -119.533 -8 -9.474 -119.533 -16 -9.474 -129.886 -8 -10.587 -109.171 -8 -8.453
2 24 -119.533 -16 -9.474 -129.886 -16 -10.587
2 24 -120.216 -16 -2.841 -130.628 -16 -3.96
5 24 -120.216 -16 -2.841 -120.216 -8 -2.841 -130.628 -16 -3.96 -109.795 -16 -1.814
2 24 -120.216 -8 -2.841 -130.628 -8 -3.96
2 24 -120.899 -8 3.79 -131.371 -8 2.664
5 24 -120.899 -8 3.79 -120.899 0 3.79 -131.371 -8 2.664 -110.419 -8 4.822
2 24 -120.899 0 3.79 -131.371 0 2.664
2 24 -120.49 0 -0.189 -130.925 0 -1.311
5 24 -120.49 0 -0.189 -120.49 -5 -0.189 -130.925 0 -1.311 -110.044 0 0.84
2 24 -120.49 -5 -0.189 -130.925 -5 -1.311
2 24 -119.26 -5 -12.126 -129.589 -5 -13.236
5 24 -119.26 -5 -12.126 -119.26 0 -12.126 -129.589 -5 -13.236 -108.922 -5 -11.107
2 24 -119.26 0 -12.126 -129.589 0 -13.236
2 24 -118.85 0 -16.105 -108.547 0 -15.09
5 24 -108.547 0 -15.09 -108.547 -8 -15.09 -118.85 0 -16.105 -98.235 0 -14.167
2 24 -108.547 -8 -15.09 -118.85 -8 -16.105
2 24 -109.171 -8 -8.453 -119.533 -8 -9.474
5 24 -109.171 -8 -8.453 -109.171 -16 -8.453 -119.533 -8 -9.474 -98.8 -8 -7.525
2 24 -109.171 -16 -8.453 -119.533 -16 -9.474
2 24 -109.795 -16 -1.814 -120.216 -16 -2.841
5 24 -109.795 -16 -1.814 -109.795 -8 -1.814 -120.216 -16 -2.841 -99.365 -16 -0.881
2 24 -109.795 -8 -1.814 -120.216 -8 -2.841
2 24 -110.419 -8 4.822 -120.899 -8 3.79
5 24 -110.419 -8 4.822 -110.419 0 4.822 -120.899 -8 3.79 -99.929 -8 5.761
2 24 -110.419 0 4.822 -120.899 0 3.79
2 24 -110.044 0 0.84 -120.49 0 -0.189
5 24 -110.044 0 0.84 -110.044 -5 0.84 -120.49 0 -0.189 -99.59 0 1.775
2 24 -110.044 -5 0.84 -120.49 -5 -0.189
2 24 -108.922 -5 -11.107 -119.26 -5 -12.126
5 24 -108.922 -5 -11.107 -108.922 0 -11.107 -119.26 -5 -12.126 -98.574 -5 -10.181
2 24 -108.922 0 -11.107 -119.26 0 -12.126
2 24 -108.547 0 -15.09 -98.235 0 -14.167
5 24 -98.235 0 -14.167 -98.235 -8 -14.167 -108.547 0 -15.09 -87.916 0 -13.336
2 24 -98.235 -8 -14.167 -108.547 -8 -15.09
2 24 -98.8 -8 -7.525 -109.171 -8 -8.453
5 24 -98.8 -8 -7.525 -98.8 -16 -7.525 -109.171 -8 -8.453 -88.421 -8 -6.69
2 24 -98.8 -16 -7.525 -109.171 -16 -8.453
2 24 -99.365 -16 -0.881 -109.795 -16 -1.814
5 24 -99.365 -16 -0.881 -99.365 -8 -0.881 -109.795 -16 -1.814 -88.926 -16 -0.041
2 24 -99.365 -8 -0.881 -109.795 -8 -1.814
2 24 -99.929 -8 5.761 -110.419 -8 4.822
5 24 -99.929 -8 5.761 -99.929 0 5.761 -110.419 -8 4.822 -89.432 -8 6.606
2 24 -99.929 0 5.761 -110.419 0 4.822
2 24 -99.59 0 1.775 -110.044 0 0.84
5 24 -99.59 0 1.775 -99.59 -5 1.775 -110.044 0 0.84 -89.129 0 2.618
2 24 -99.59 -5 1.775 -110.044 -5 0.84
2 24 -98.574 -5 -10.181 -108.922 -5 -11.107
5 24 -98.574 -5 -10.181 -98.574 0 -10.181 -108.922 -5 -11.107 -88.219 -5 -9.348
2 24 -98.574 0 -10.181 -108.922 0 -11.107
2 24 -98.235 0 -14.167 -87.916 0 -13.336
5 24 -87.916 0 -13.336 -87.916 -8 -13.336 -98.235 0 -14.167 -77.589 0 -12.598
2 24 -87.916 -8 -13.336 -98.235 -8 -14.167
2 24 -88.421 -8 -6.69 -98.8 -8 -7.525
5 24 -88.421 -8 -6.69 -88.421 -16 -6.69 -98.8 -8 -7.525 -78.035 -8 -5.947
2 24 -88.421 -16 -6.69 -98.8 -16 -7.525
2 24 -88.926 -16 -0.041 -99.365 -16 -0.881
5 24 -88.926 -16 -0.041 -88.926 -8 -0.041 -99.365 -16 -0.881 -78.481 -16 0.706
2 24 -88.926 -8 -0.041 -99.365 -8 -0.881
2 24 -89.432 -8 6.606 -99.929 -8 5.761
5 24 -89.432 -8 6.606 -89.432 0 6.606 -99.929 -8 5.761 -78.927 -8 7.357
2 24 -89.432 0 6.606 -99.929 0 5.761
2 24 -89.129 0 2.618 -99.59 0 1.775
5 24 -89.129 0 2.618 -89.129 -5 2.618 -99.59 0 1.775 -78.66 0 3.366
2 24 -89.129 -5 2.618 -99.59 -5 1.775
2 24 -88.219 -5 -9.348 -98.574 -5 -10.181
5 24 -88.219 -5 -9.348 -88.219 0 -9.348 -98.574 -5 -10.181 -77.857 -5 -8.607
2 24 -88.219 0 -9.348 -98.574 0 -10.181
2 24 -87.916 0 -13.336 -77.589 0 -12.598
5 24 -77.589 0 -12.598 -77.589 -8 -12.598 -87.916 0 -13.336 -67.257 0 -11.951
2 24 -77.589 -8 -12.598 -87.916 -8 -13.336
2 24 -78.035 -8 -5.947 -88.421 -8 -6.69
5 24 -78.035 -8 -5.947 -78.035 -16 -5.947 -88.421 -8 -6.69 -67.643 -8 -5.297
2 24 -78.035 -16 -5.947 -88.421 -16 -6.69
2 24 -78.481 -16 0.706 -88.926 -16 -0.041
5 24 -78.481 -16 0.706 -78.481 -8 0.706 -88.926 -16 -0.041 -68.03 -16 1.36
2 24 -78.481 -8 0.706 -88.926 -8 -0.041
2 24 -78.927 -8 7.357 -89.432 -8 6.606
5 24 -78.927 -8 7.357 -78.927 0 7.357 -89.432 -8 6.606 -68.416 -8 8.015
2 24 -78.927 0 7.357 -89.432 0 6.606
2 24 -78.66 0 3.366 -89.129 0 2.618
5 24 -78.66 0 3.366 -78.66 -5 3.366 -89.129 0 2.618 -68.184 0 4.022
2 24 -78.66 -5 3.366 -89.129 -5 2.618
2 24 -77.857 -5 -8.607 -88.219 -5 -9.348
5 24 -77.857 -5 -8.607 -77.857 0 -8.607 -88.219 -5 -9.348 -67.489 -5 -7.958
2 24 -77.857 0 -8.607 -88.219 0 -9.348
2 24 -77.589 0 -12.598 -67.257 0 -11.951
5 24 -67.257 0 -11.951 -67.257 -8 -11.951 -77.589 0 -12.598 -56.919 0 -11.397
2 24 -67.257 -8 -11.951 -77.589 -8 -12.598
2 24 -67.643 -8 -5.297 -78.035 -8 -5.947
5 24 -67.643 -8 -5.297 -67.643 -16 -5.297 -78.035 -8 -5.947 -57.246 -8 -4.739
2 24 -67.643 -16 -5.297 -78.035 -16 -5.947
2 24 -68.03 -16 1.36 -78.481 -16 0.706
5 24 -68.03 -16 1.36 -68.03 -8 1.36 -78.481 -16 0.706 -57.573 -16 1.921
2 24 -68.03 -8 1.36 -78.481 -8 0.706
2 24 -68.416 -8 8.015 -78.927 -8 7.357
5 24 -68.416 -8 8.015 -68.416 0 8.015 -78.927 -8 7.357 -57.9 -8 8.579
2 24 -68.416 0 8.015 -78.927 0 7.357
2 24 -68.184 0 4.022 -78.66 0 3.366
5 24 -68.184 0 4.022 -68.184 -5 4.022 -78.66 0 3.366 -57.704 0 4.583
2 24 -68.184 -5 4.022 -78.66 -5 3.366
2 24 -67.489 -5 -7.958 -77.857 -5 -8.607
5 24 -67.489 -5 -7.958 -67.489 0 -7.958 -77.857 -5 -8.607 -57.115 -5 -7.402
2 24 -67.489 0 -7.958 -77.857 0 -8.607
2 24 -67.257 0 -11.951 -56.919 0 -11.397
5 24 -56.919 0 -11.397 -56.919 -8 -11.397 -67.257 0 -11.951 -46.576 0 -10.935
2 24 -56.919 -8 -11.397 -67.257 -8 -11.951
2 24 -57.246 -8 -4.739 -67.643 -8 -5.297
5 24 -57.246 -8 -4.739 -57.246 -16 -4.739 -67.643 -8 -5.297 -46.844 -8 -4.275
2 24 -57.246 -16 -4.739 -67.643 -16 -5.297
2 24 -57.573 -16 1.921 -68.03 -16 1.36
5 24 -57.573 -16 1.921 -57.573 -8 1.921 -68.03 -16 1.36 -47.111 -16 2.388
2 24 -57.573 -8 1.921 -68.03 -8 1.36
2 24 -57.9 -8 8.579 -68.416 -8 8.015
5 24 -57.9 -8 8.579 -57.9 0 8.579 -68.416 -8 8.015 -47.379 -8 9.048
2 24 -57.9 0 8.579 -68.416 0 8.015
2 24 -57.704 0 4.583 -68.184 0 4.022
5 24 -57.704 0 4.583 -57.704 -5 4.583 -68.184 0 4.022 -47.218 0 5.052
2 24 -57.704 -5 4.583 -68.184 -5 4.022
2 24 -57.115 -5 -7.402 -67.489 -5 -7.958
5 24 -57.115 -5 -7.402 -57.115 0 -7.402 -67.489 -5 -7.958 -46.736 -5 -6.939
2 24 -57.115 0 -7.402 -67.489 0 -7.958
2 24 -56.919 0 -11.397 -46.576 0 -10.935
5 24 -46.576 0 -10.935 -46.576 -8 -10.935 -56.919 0 -11.397 -36.23 0 -10.566
2 24 -46.576 -8 -10.935 -56.919 -8 -11.397
2 24 -46.844 -8 -4.275 -57.246 -8 -4.739
5 24 -46.844 -8 -4.275 -46.844 -16 -4.275 -57.246 -8 -4.739 -36.438 -8 -3.903
2 24 -46.844 -16 -4.275 -57.246 -16 -4.739
2 24 -47.111 -16 2.388 -57.573 -16 1.921
5 24 -47.111 -16 2.388 -47.111 -8 2.388 -57.573 -16 1.921 -36.646 -16 2.762
2 24 -47.111 -8 2.388 -57.573 -8 1.921
2 24 -47.379 -8 9.048 -57.9 -8 8.579
5 24 -47.379 -8 9.048 -47.379 0 9.048 -57.9 -8 8.579 -36.854 -8 9.424
2 24 -47.379 0 9.048 -57.9 0 8.579
2 24 -47.218 0 5.052 -57.704 0 4.583
5 24 -47.218 0 5.052 -47.218 -5 5.052 -57.704 0 4.583 -36.729 0 5.426
2 24 -47.218 -5 5.052 -57.704 -5 4.583
2 24 -46.736 -5 -6.939 -57.115 -5 -7.402
5 24 -46.736 -5 -6.939 -46.736 0 -6.939 -57.115 -5 -7.402 -36.354 -5 -6.568
2 24 -46.736 0 -6.939 -57.115 0 -7.402
2 24 -46.576 0 -10.935 -36.23 0 -10.566
5 24 -36.23 0 -10.566 -36.23 -8 -10.566 -46.576 0 -10.935 -25.88 0 -10.289
2 24 -36.23 -8 -10.566 -46.576 -8 -10.935
2 24 -36.438 -8 -3.903 -46.844 -8 -4.275
5 24 -36.438 -8 -3.903 -36.438 -16 -3.903 -46.844 -8 -4.275 -26.029 -8 -3.624
2 24 -36.438 -16 -3.903 -46.844 -16 -4.275
2 24 -36.646 -16 2.762 -47.111 -16 2.388
5 24 -36.646 -16 2.762 -36.646 -8 2.762 -47.111 -16 2.388 -26.178 -16 3.042
2 24 -36.646 -8 2.762 -47.111 -8 2.388
2 24 -36.854 -8 9.424 -47.379 -8 9.048
5 24 -36.854 -8 9.424 -36.854 0 9.424 -47.379 -8 9.048 -26.327 -8 9.706
2 24 -36.854 0 9.424 -47.379 0 9.048
2 24 -36.729 0 5.426 -47.218 0 5.052
5 24 -36.729 0 5.426 -36.729 -5 5.426 -47.218 0 5.052 -26.237 0 5.707
2 24 -36.729 -5 5.426 -47.218 -5 5.052
2 24 -36.354 -5 -6.568 -46.736 -5 -6.939
5 24 -36.354 -5 -6.568 -36.354 0 -6.568 -46.736 -5 -6.939 -25.97 -5 -6.29
2 24 -36.354 0 -6.568 -46.736 0 -6.939
2 24 -36.23 0 -10.566 -25.88 0 -10.289
5 24 -25.88 0 -10.289 -25.88 -8 -10.289 -36.23 0 -10.566 -15.529 0 -10.104
2 24 -25.88 -8 -10.289 -36.23 -8 -10.566
2 24 -26.029 -8 -3.624 -36.438 -8 -3.903
5 24 -26.029 -8 -3.624 -26.029 -16 -3.624 -36.438 -8 -3.903 -15.618 -8 -3.439
2 24 -26.029 -16 -3.624 -36.438 -16 -3.903
2 24 -26.178 -16 3.042 -36.646 -16 2.762
5 24 -26.178 -16 3.042 -26.178 -8 3.042 -36.646 -16 2.762 -15.708 -16 3.229
2 24 -26.178 -8 3.042 -36.646 -8 2.762
2 24 -26.327 -8 9.706 -36.854 -8 9.424
5 24 -26.327 -8 9.706 -26.327 0 9.706 -36.854 -8 9.424 -15.797 -8 9.894
2 24 -26.327 0 9.706 -36.854 0 9.424
2 24 -26.237 0 5.707 -36.729 0 5.426
5 24 -26.237 0 5.707 -26.237 -5 5.707 -36.729 0 5.426 -15.743 0 5.895
2 24 -26.237 -5 5.707 -36.729 -5 5.426
2 24 -25.97 -5 -6.29 -36.354 -5 -6.568
5 24 -25.97 -5 -6.29 -25.97 0 -6.29 -36.354 -5 -6.568 -15.583 -5 -6.104
2 24 -25.97 0 -6.29 -36.354 0 -6.568
2 24 -25.88 0 -10.289 -15.529 0 -10.104
5 24 -15.529 0 -10.104 -15.529 -8 -10.104 -25.88 0 -10.289 -5.176 0 -10.012
2 24 -15.529 -8 -10.104 -25.88 -8 -10.289
2 24 -15.618 -8 -3.439 -26.029 -8 -3.624
5 24 -15.618 -8 -3.439 -15.618 -16 -3.439 -26.029 -8 -3.624 -5.206 -8 -3.346
2 24 -15.618 -16 -3.439 -26.029 -16 -3.624
2 24 -15.708 -16 3.229 -26.178 -16 3.042
5 24 -15.708 -16 3.229 -15.708 -8 3.229 -26.178 -16 3.042 -5.236 -16 3.322
2 24 -15.708 -8 3.229 -26.178 -8 3.042
2 24 -15.797 -8 9.894 -26.327 -8 9.706
5 24 -15.797 -8 9.894 -15.797 0 9.894 -26.327 -8 9.706 -5.266 -8 9.988
2 24 -15.797 0 9.894 -26.327 0 9.706
2 24 -15.743 0 5.895 -26.237 0 5.707
5 24 -15.743 0 5.895 -15.743 -5 5.895 -26.237 0 5.707 -4 0 5.988
2 24 -15.743 -5 5.895 -26.237 -5 5.707
2 24 -15.583 -5 -6.104 -25.97 -5 -6.29
5 24 -15.583 -5 -6.104 -15.583 0 -6.104 -25.97 -5 -6.29 -4 -5 -6.012
2 24 -15.583 0 -6.104 -25.97 0 -6.29
2 24 -15.529 0 -10.104 -5.176 0 -10.012
5 24 -5.176 0 -10.012 -5.176 -8 -10.012 -15.529 0 -10.104 5.176 0 -10.012
2 24 -5.176 -8 -10.012 -15.529 -8 -10.104
2 24 -5.206 -8 -3.346 -15.618 -8 -3.439
5 24 -5.206 -8 -3.346 -5.206 -16 -3.346 -15.618 -8 -3.439 5.206 -8 -3.346
2 24 -5.206 -16 -3.346 -15.618 -16 -3.439
2 24 -5.236 -16 3.322 -15.708 -16 3.229
5 24 -5.236 -16 3.322 -5.236 -8 3.322 -15.708 -16 3.229 5.236 -16 3.322
2 24 -5.236 -8 3.322 -15.708 -8 3.229
2 24 -5.266 -8 9.988 -15.797 -8 9.894
5 24 -5.266 -8 9.988 -5.266 0 9.988 -15.797 -8 9.894 5.266 -8 9.988
2 24 -5.266 0 9.988 -15.797 0 9.894
2 24 -4 0 5.988 -15.743 0 5.895
2 24 -4 0 5.988 -4 -5 5.988
2 24 -4 -5 5.988 -15.743 -5 5.895
2 24 -4 -5 5.988 -4 -5 -6.012
2 24 -4 -5 -6.012 -15.583 -5 -6.104
2 24 -4 -5 -6.012 -4 0 -6.012
2 24 -4 0 -6.012 -15.583 0 -6.104
2 24 -5.176 0 -10.012 5.176 0 -10.012
5 24 5.176 0 -10.012 5.176 -8 -10.012 -5.176 0 -10.012 15.529 0 -10.104
2 24 5.176 -8 -10.012 -5.176 -8 -10.012
2 24 5.206 -8 -3.346 -5.206 -8 -3.346
5 24 5.206 -8 -3.346 5.206 -16 -3.346 -5.206 -8 -3.346 15.618 -8 -3.439
2 24 5.206 -16 -3.346 -5.206 -16 -3.346
2 24 5.236 -16 3.322 -5.236 -16 3.322
5 24 5.236 -16 3.322 5.236 -8 3.322 -5.236 -16 3.322 15.708 -16 3.229
2 24 5.236 -8 3.322 -5.236 -8 3.322
2 24 5.266 -8 9.988 -5.266 -8 9.988
5 24 5.266 -8 9.988 5.266 0 9.988 -5.266 -8 9.988 15.797 -8 9.894
2 24 5.266 0 9.988 -5.266 0 9.988
2 24 5.176 0 -10.012 15.529 0 -10.104
5 24 15.529 0 -10.104 15.529 -8 -10.104 5.176 0 -10.012 25.88 0 -10.289
2 24 15.529 -8 -10.104 5.176 -8 -10.012
2 24 15.618 -8 -3.439 5.206 -8 -3.346
5 24 15.618 -8 -3.439 15.618 -16 -3.439 5.206 -8 -3.346 26.029 -8 -3.624
2 24 15.618 -16 -3.439 5.206 -16 -3.346
2 24 15.708 -16 3.229 5.236 -16 3.322
5 24 15.708 -16 3.229 15.708 -8 3.229 5.236 -16 3.322 26.178 -16 3.042
2 24 15.708 -8 3.229 5.236 -8 3.322
2 24 15.797 -8 9.894 5.266 -8 9.988
5 24 15.797 -8 9.894 15.797 0 9.894 5.266 -8 9.988 26.327 -8 9.706
2 24 15.797 0 9.894 5.266 0 9.988
2 24 15.743 0 5.895 4 0 5.988
5 24 15.743 0 5.895 15.743 -5 5.895 4 0 5.988 26.237 0 5.707
2 24 15.743 -5 5.895 4 -5 5.988
2 24 4 -5 5.988 4 0 5.988
2 24 15.583 -5 -6.104 4 -5 -6.012
2 24 4 -5 -6.012 4 -5 5.988
5 24 15.583 -5 -6.104 15.583 0 -6.104 4 -5 -6.012 25.97 -5 -6.29
2 24 15.583 0 -6.104 4 0 -6.012
2 24 4 0 -6.012 4 -5 -6.012
2 24 15.529 0 -10.104 25.88 0 -10.289
5 24 25.88 0 -10.289 25.88 -8 -10.289 15.529 0 -10.104 36.23 0 -10.566
2 24 25.88 -8 -10.289 15.529 -8 -10.104
2 24 26.029 -8 -3.624 15.618 -8 -3.439
5 24 26.029 -8 -3.624 26.029 -16 -3.624 15.618 -8 -3.439 36.438 -8 -3.903
2 24 26.029 -16 -3.624 15.618 -16 -3.439
2 24 26.178 -16 3.042 15.708 -16 3.229
5 24 26.178 -16 3.042 26.178 -8 3.042 15.708 -16 3.229 36.646 -16 2.762
2 24 26.178 -8 3.042 15.708 -8 3.229
2 24 26.327 -8 9.706 15.797 -8 9.894
5 24 26.327 -8 9.706 26.327 0 9.706 15.797 -8 9.894 36.854 -8 9.424
2 24 26.327 0 9.706 15.797 0 9.894
2 24 26.237 0 5.707 15.743 0 5.895
5 24 26.237 0 5.707 26.237 -5 5.707 15.743 0 5.895 36.729 0 5.426
2 24 26.237 -5 5.707 15.743 -5 5.895
2 24 25.97 -5 -6.29 15.583 -5 -6.104
5 24 25.97 -5 -6.29 25.97 0 -6.29 15.583 -5 -6.104 36.354 -5 -6.568
2 24 25.97 0 -6.29 15.583 0 -6.104
2 24 25.88 0 -10.289 36.23 0 -10.566
5 24 36.23 0 -10.566 36.23 -8 -10.566 25.88 0 -10.289 46.576 0 -10.935
2 24 36.23 -8 -10.566 25.88 -8 -10.289
2 24 36.438 -8 -3.903 26.029 -8 -3.624
5 24 36.438 -8 -3.903 36.438 -16 -3.903 26.029 -8 -3.624 46.844 -8 -4.275
2 24 36.438 -16 -3.903 26.029 -16 -3.624
2 24 36.646 -16 2.762 26.178 -16 3.042
5 24 36.646 -16 2.762 36.646 -8 2.762 26.178 -16 3.042 47.111 -16 2.388
2 24 36.646 -8 2.762 26.178 -8 3.042
2 24 36.854 -8 9.424 26.327 -8 9.706
5 24 36.854 -8 9.424 36.854 0 9.424 26.327 -8 9.706 47.379 -8 9.048
2 24 36.854 0 9.424 26.327 0 9.706
2 24 36.729 0 5.426 26.237 0 5.707
5 24 36.729 0 5.426 36.729 -5 5.426 26.237 0 5.707 47.218 0 5.052
2 24 36.729 -5 5.426 26.237 -5 5.707
2 24 36.354 -5 -6.568 25.97 -5 -6.29
5 24 36.354 -5 -6.568 36.354 0 -6.568 25.97 -5 -6.29 46.736 -5 -6.939
2 24 36.354 0 -6.568 25.97 0 -6.29
2 24 36.23 0 -10.566 46.576 0 -10.935
5 24 46.576 0 -10.935 46.576 -8 -10.935 36.23 0 -10.566 56.919 0 -11.397
2 24 46.576 -8 -10.935 36.23 -8 -10.566
2 24 46.844 -8 -4.275 36.438 -8 -3.903
5 24 46.844 -8 -4.275 46.844 -16 -4.275 36.438 -8 -3.903 57.246 -8 -4.739
2 24 46.844 -16 -4.275 36.438 -16 -3.903
2 24 47.111 -16 2.388 36.646 -16 2.762
5 24 47.111 -16 2.388 47.111 -8 2.388 36.646 -16 2.762 57.573 -16 1.921
2 24 47.111 -8 2.388 36.646 -8 2.762
2 24 47.379 -8 9.048 36.854 -8 9.424
5 24 47.379 -8 9.048 47.379 0 9.048 36.854 -8 9.424 57.9 -8 8.579
2 24 47.379 0 9.048 36.854 0 9.424
2 24 47.218 0 5.052 36.729 0 5.426
5 24 47.218 0 5.052 47.218 -5 5.052 36.729 0 5.426 57.704 0 4.583
2 24 47.218 -5 5.052 36.729 -5 5.426
2 24 46.736 -5 -6.939 36.354 -5 -6.568
5 24 46.736 -5 -6.939 46.736 0 -6.939 36.354 -5 -6.568 57.115 -5 -7.402
2 24 46.736 0 -6.939 36.354 0 -6.568
2 24 46.576 0 -10.935 56.919 0 -11.397
5 24 56.919 0 -11.397 56.919 -8 -11.397 46.576 0 -10.935 67.257 0 -11.951
2 24 56.919 -8 -11.397 46.576 -8 -10.935
2 24 57.246 -8 -4.739 46.844 -8 -4.275
5 24 57.246 -8 -4.739 57.246 -16 -4.739 46.844 -8 -4.275 67.643 -8 -5.297
2 24 57.246 -16 -4.739 46.844 -16 -4.275
2 24 57.573 -16 1.921 47.111 -16 2.388
5 24 57.573 -16 1.921 57.573 -8 1.921 47.111 -16 2.388 68.03 -16 1.36
2 24 57.573 -8 1.921 47.111 -8 2.388
2 24 57.9 -8 8.579 47.379 -8 9.048
5 24 57.9 -8 8.579 57.9 0 8.579 47.379 -8 9.048 68.416 -8 8.015
2 24 57.9 0 8.579 47.379 0 9.048
2 24 57.704 0 4.583 47.218 0 5.052
5 24 57.704 0 4.583 57.704 -5 4.583 47.218 0 5.052 68.184 0 4.022
2 24 57.704 -5 4.583 47.218 -5 5.052
2 24 57.115 -5 -7.402 46.736 -5 -6.939
5 24 57.115 -5 -7.402 57.115 0 -7.402 46.736 -5 -6.939 67.489 -5 -7.958
2 24 57.115 0 -7.402 46.736 0 -6.939
2 24 56.919 0 -11.397 67.257 0 -11.951
5 24 67.257 0 -11.951 67.257 -8 -11.951 56.919 0 -11.397 77.589 0 -12.598
2 24 67.257 -8 -11.951 56.919 -8 -11.397
2 24 67.643 -8 -5.297 57.246 -8 -4.739
5 24 67.643 -8 -5.297 67.643 -16 -5.297 57.246 -8 -4.739 78.035 -8 -5.947
2 24 67.643 -16 -5.297 57.246 -16 -4.739
2 24 68.03 -16 1.36 57.573 -16 1.921
5 24 68.03 -16 1.36 68.03 -8 1.36 57.573 -16 1.921 78.481 -16 0.706
2 24 68.03 -8 1.36 57.573 -8 1.921
2 24 68.416 -8 8.015 57.9 -8 8.579
5 24 68.416 -8 8.015 68.416 0 8.015 57.9 -8 8.579 78.927 -8 7.357
2 24 68.416 0 8.015 57.9 0 8.579
2 24 68.184 0 4.022 57.704 0 4.583
5 24 68.184 0 4.022 68.184 -5 4.022 57.704 0 4.583 78.66 0 3.366
2 24 68.184 -5 4.022 57.704 -5 4.583
2 24 67.489 -5 -7.958 57.115 -5 -7.402
5 24 67.489 -5 -7.958 67.489 0 -7.958 57.115 -5 -7.402 77.857 -5 -8.607
2 24 67.489 0 -7.958 57.115 0 -7.402
2 24 67.257 0 -11.951 77.589 0 -12.598
5 24 77.589 0 -12.598 77.589 -8 -12.598 67.257 0 -11.951 87.916 0 -13.336
2 24 77.589 -8 -12.598 67.257 -8 -11.951
2 24 78.035 -8 -5.947 67.643 -8 -5.297
5 24 78.035 -8 -5.947 78.035 -16 -5.947 67.643 -8 -5.297 88.421 -8 -6.69
2 24 78.035 -16 -5.947 67.643 -16 -5.297
2 24 78.481 -16 0.706 68.03 -16 1.36
5 24 78.481 -16 0.706 78.481 -8 0.706 68.03 -16 1.36 88.926 -16 -0.041
2 24 78.481 -8 0.706 68.03 -8 1.36
2 24 78.927 -8 7.357 68.416 -8 8.015
5 24 78.927 -8 7.357 78.927 0 7.357 68.416 -8 8.015 89.432 -8 6.606
2 24 78.927 0 7.357 68.416 0 8.015
2 24 78.66 0 3.366 68.184 0 4.022
5 24 78.66 0 3.366 78.66 -5 3.366 68.184 0 4.022 89.129 0 2.618
2 24 78.66 -5 3.366 68.184 -5 4.022
2 24 77.857 -5 -8.607 67.489 -5 -7.958
5 24 77.857 -5 -8.607 77.857 0 -8.607 67.489 -5 -7.958 88.219 -5 -9.348
2 24 77.857 0 -8.607 67.489 0 -7.958
2 24 77.589 0 -12.598 87.916 0 -13.336
5 24 87.916 0 -13.336 87.916 -8 -13.336 77.589 0 -12.598 98.235 0 -14.167
2 24 87.916 -8 -13.336 77.589 -8 -12.598
2 24 88.421 -8 -6.69 78.035 -8 -5.947
5 24 88.421 -8 -6.69 88.421 -16 -6.69 78.035 -8 -5.947 98.8 -8 -7.525
2 24 88.421 -16 -6.69 78.035 -16 -5.947
2 24 88.926 -16 -0.041 78.481 -16 0.706
5 24 88.926 -16 -0.041 88.926 -8 -0.041 78.481 -16 0.706 99.365 -16 -0.881
2 24 88.926 -8 -0.041 78.481 -8 0.706
2 24 89.432 -8 6.606 78.927 -8 7.357
5 24 89.432 -8 6.606 89.432 0 6.606 78.927 -8 7.357 99.929 -8 5.761
2 24 89.432 0 6.606 78.927 0 7.357
2 24 89.129 0 2.618 78.66 0 3.366
5 24 89.129 0 2.618 89.129 -5 2.618 78.66 0 3.366 99.59 0 1.775
2 24 89.129 -5 2.618 78.66 -5 3.366
2 24 88.219 -5 -9.348 77.857 -5 -8.607
5 24 88.219 -5 -9.348 88.219 0 -9.348 77.857 -5 -8.607 98.574 -5 -10.181
2 24 88.219 0 -9.348 77.857 0 -8.607
2 24 87.916 0 -13.336 98.235 0 -14.167
5 24 98.235 0 -14.167 98.235 -8 -14.167 87.916 0 -13.336 108.547 0 -15.09
2 24 98.235 -8 -14.167 87.916 -8 -13.336
2 24 98.8 -8 -7.525 88.421 -8 -6.69
5 24 98.8 -8 -7.525 98.8 -16 -7.525 88.421 -8 -6.69 109.171 -8 -8.453
2 24 98.8 -16 -7.525 88.421 -16 -6.69
2 24 99.365 -16 -0.881 88.926 -16 -0.041
5 24 99.365 -16 -0.881 99.365 -8 -0.881 88.926 -16 -0.041 109.795 -16 -1.814
2 24 99.365 -8 -0.881 88.926 -8 -0.041
2 24 99.929 -8 5.761 89.432 -8 6.606
5 24 99.929 -8 5.761 99.929 0 5.761 89.432 -8 6.606 110.419 -8 4.822
2 24 99.929 0 5.761 89.432 0 6.606
2 24 99.59 0 1.775 89.129 0 2.618
5 24 99.59 0 1.775 99.59 -5 1.775 89.129 0 2.618 110.044 0 0.84
2 24 99.59 -5 1.775 89.129 -5 2.618
2 24 98.574 -5 -10.181 88.219 -5 -9.348
5 24 98.574 -5 -10.181 98.574 0 -10.181 88.219 -5 -9.348 108.922 -5 -11.107
2 24 98.574 0 -10.181 88.219 0 -9.348
2 24 98.235 0 -14.167 108.547 0 -15.09
5 24 108.547 0 -15.09 108.547 -8 -15.09 98.235 0 -14.167 118.85 0 -16.105
2 24 108.547 -8 -15.09 98.235 -8 -14.167
2 24 109.171 -8 -8.453 98.8 -8 -7.525
5 24 109.171 -8 -8.453 109.171 -16 -8.453 98.8 -8 -7.525 119.533 -8 -9.474
2 24 109.171 -16 -8.453 98.8 -16 -7.525
2 24 109.795 -16 -1.814 99.365 -16 -0.881
5 24 109.795 -16 -1.814 109.795 -8 -1.814 99.365 -16 -0.881 120.216 -16 -2.841
2 24 109.795 -8 -1.814 99.365 -8 -0.881
2 24 110.419 -8 4.822 99.929 -8 5.761
5 24 110.419 -8 4.822 110.419 0 4.822 99.929 -8 5.761 120.899 -8 3.79
2 24 110.419 0 4.822 99.929 0 5.761
2 24 110.044 0 0.84 99.59 0 1.775
5 24 110.044 0 0.84 110.044 -5 0.84 99.59 0 1.775 120.49 0 -0.189
2 24 110.044 -5 0.84 99.59 -5 1.775
2 24 108.922 -5 -11.107 98.574 -5 -10.181
5 24 108.922 -5 -11.107 108.922 0 -11.107 98.574 -5 -10.181 119.26 -5 -12.126
2 24 108.922 0 -11.107 98.574 0 -10.181
2 24 108.547 0 -15.09 118.85 0 -16.105
5 24 118.85 0 -16.105 118.85 -8 -16.105 108.547 0 -15.09 129.144 0 -17.211
2 24 118.85 -8 -16.105 108.547 -8 -15.09
2 24 119.533 -8 -9.474 109.171 -8 -8.453
5 24 119.533 -8 -9.474 119.533 -16 -9.474 109.171 -8 -8.453 129.886 -8 -10.587
2 24 119.533 -16 -9.474 109.171 -16 -8.453
2 24 120.216 -16 -2.841 109.795 -16 -1.814
5 24 120.216 -16 -2.841 120.216 -8 -2.841 109.795 -16 -1.814 130.628 -16 -3.96
2 24 120.216 -8 -2.841 109.795 -8 -1.814
2 24 120.899 -8 3.79 110.419 -8 4.822
5 24 120.899 -8 3.79 120.899 0 3.79 110.419 -8 4.822 131.371 -8 2.664
2 24 120.899 0 3.79 110.419 0 4.822
2 24 120.49 0 -0.189 110.044 0 0.84
5 24 120.49 0 -0.189 120.49 -5 -0.189 110.044 0 0.84 130.925 0 -1.311
2 24 120.49 -5 -0.189 110.044 -5 0.84
2 24 119.26 -5 -12.126 108.922 -5 -11.107
5 24 119.26 -5 -12.126 119.26 0 -12.126 108.922 -5 -11.107 129.589 -5 -13.236
2 24 119.26 0 -12.126 108.922 0 -11.107
2 24 118.85 0 -16.105 129.144 0 -17.211
5 24 129.144 0 -17.211 129.144 -8 -17.211 118.85 0 -16.105 139.427 0 -18.41
2 24 129.144 -8 -17.211 118.85 -8 -16.105
2 24 129.886 -8 -10.587 119.533 -8 -9.474
5 24 129.886 -8 -10.587 129.886 -16 -10.587 119.533 -8 -9.474 140.228 -8 -11.792
2 24 129.886 -16 -10.587 119.533 -16 -9.474
2 24 130.628 -16 -3.96 120.216 -16 -2.841
5 24 130.628 -16 -3.96 130.628 -8 -3.96 120.216 -16 -2.841 141.03 -16 -5.172
2 24 130.628 -8 -3.96 120.216 -8 -2.841
2 24 131.371 -8 2.664 120.899 -8 3.79
5 24 131.371 -8 2.664 131.371 0 2.664 120.899 -8 3.79 141.831 -8 1.445
2 24 131.371 0 2.664 120.899 0 3.79
2 24 130.925 0 -1.311 120.49 0 -0.189
5 24 130.925 0 -1.311 130.925 -5 -1.311 120.49 0 -0.189 141.35 0 -2.526
2 24 130.925 -5 -1.311 120.49 -5 -0.189
2 24 129.589 -5 -13.236 119.26 -5 -12.126
5 24 129.589 -5 -13.236 129.589 0 -13.236 119.26 -5 -12.126 139.908 -5 -14.439
2 24 129.589 0 -13.236 119.26 0 -12.126
2 24 129.144 0 -17.211 139.427 0 -18.41
5 24 139.427 0 -18.41 139.427 -8 -18.41 129.144 0 -17.211 149.699 0 -19.7
2 24 139.427 -8 -18.41 129.144 -8 -17.211
2 24 140.228 -8 -11.792 129.886 -8 -10.587
5 24 140.228 -8 -11.792 140.228 -16 -11.792 129.886 -8 -10.587 150.56 -8 -13.09
2 24 140.228 -16 -11.792 129.886 -16 -10.587
2 24 141.03 -16 -5.172 130.628 -16 -3.96
5 24 141.03 -16 -5.172 141.03 -8 -5.172 130.628 -16 -3.96 151.42 -16 -6.478
2 24 141.03 -8 -5.172 130.628 -8 -3.96
2 24 141.831 -8 1.445 131.371 -8 2.664
5 24 141.831 -8 1.445 141.831 0 1.445 131.371 -8 2.664 152.281 -8 0.133
2 24 141.831 0 1.445 131.371 0 2.664
2 24 141.35 0 -2.526 130.925 0 -1.311
5 24 141.35 0 -2.526 141.35 -5 -2.526 130.925 0 -1.311 151.764 0 -3.834
2 24 141.35 -5 -2.526 130.925 -5 -1.311
2 24 139.908 -5 -14.439 129.589 -5 -13.236
5 24 139.908 -5 -14.439 139.908 0 -14.439 129.589 -5 -13.236 150.216 -5 -15.733
2 24 139.908 0 -14.439 129.589 0 -13.236
2 24 139.427 0 -18.41 149.699 0 -19.7
5 24 149.699 0 -19.7 149.699 -8 -19.7 139.427 0 -18.41 159.96 0 -21.082
2 24 149.699 -8 -19.7 139.427 -8 -18.41
2 24 150.56 -8 -13.09 140.228 -8 -11.792
5 24 150.56 -8 -13.09 150.56 -16 -13.09 140.228 -8 -11.792 160.879 -8 -14.48
2 24 150.56 -16 -13.09 140.228 -16 -11.792
2 24 151.42 -16 -6.478 141.03 -16 -5.172
5 24 151.42 -16 -6.478 151.42 -8 -6.478 141.03 -16 -5.172 161.798 -16 -7.875
2 24 151.42 -8 -6.478 141.03 -8 -5.172
2 24 152.281 -8 0.133 141.831 -8 1.445
5 24 152.281 -8 0.133 152.281 0 0.133 141.831 -8 1.445 162.718 -8 -1.273
2 24 152.281 0 0.133 141.831 0 1.445
2 24 151.764 0 -3.834 141.35 0 -2.526
5 24 151.764 0 -3.834 151.764 -5 -3.834 141.35 0 -2.526 162.166 0 -5.235
2 24 151.764 -5 -3.834 141.35 -5 -2.526
2 24 150.216 -5 -15.733 139.908 -5 -14.439
5 24 150.216 -5 -15.733 150.216 0 -15.733 139.908 -5 -14.439 160.511 -5 -17.12
2 24 150.216 0 -15.733 139.908 0 -14.439
2 24 149.699 0 -19.7 159.96 0 -21.082
5 24 159.96 0 -21.082 159.96 -8 -21.082 149.699 0 -19.7 170.207 0 -22.555
2 24 159.96 -8 -21.082 149.699 -8 -19.7
2 24 160.879 -8 -14.48 150.56 -8 -13.09
5 24 160.879 -8 -14.48 160.879 -16 -14.48 150.56 -8 -13.09 171.185 -8 -15.961
2 24 160.879 -16 -14.48 150.56 -16 -13.09
2 24 161.798 -16 -7.875 151.42 -16 -6.478
5 24 161.798 -16 -7.875 161.798 -8 -7.875 151.42 -16 -6.478 172.164 -16 -9.366
2 24 161.798 -8 -7.875 151.42 -8 -6.478
2 24 162.718 -8 -1.273 152.281 -8 0.133
5 24 162.718 -8 -1.273 162.718 0 -1.273 152.281 -8 0.133 173.142 -8 -2.772
2 24 162.718 0 -1.273 152.281 0 0.133
2 24 162.166 0 -5.235 151.764 0 -3.834
5 24 162.166 0 -5.235 162.166 -5 -5.235 151.764 0 -3.834 172.555 0 -6.728
2 24 162.166 -5 -5.235 151.764 -5 -3.834
2 24 160.511 -5 -17.12 150.216 -5 -15.733
5 24 160.511 -5 -17.12 160.511 0 -17.12 150.216 -5 -15.733 170.794 -5 -18.599
2 24 160.511 0 -17.12 150.216 0 -15.733
2 24 159.96 0 -21.082 170.207 0 -22.555
5 24 170.207 0 -22.555 170.207 -8 -22.555 159.96 0 -21.082 180.441 0 -24.12
2 24 170.207 -8 -22.555 159.96 -8 -21.082
2 24 171.185 -8 -15.961 160.879 -8 -14.48
5 24 171.185 -8 -15.961 171.185 -16 -15.961 160.879 -8 -14.48 181.478 -8 -17.535
2 24 171.185 -16 -15.961 160.879 -16 -14.48
2 24 172.164 -16 -9.366 161.798 -16 -7.875
5 24 172.164 -16 -9.366 172.164 -8 -9.366 161.798 -16 -7.875 182.515 -16 -10.948
2 24 172.164 -8 -9.366 161.798 -8 -7.875
2 24 173.142 -8 -2.772 162.718 -8 -1.273
5 24 173.142 -8 -2.772 173.142 0 -2.772 162.718 -8 -1.273 183.552 -8 -4.363
2 24 173.142 0 -2.772 162.718 0 -1.273
2 24 172.555 0 -6.728 162.166 0 -5.235
5 24 172.555 0 -6.728 172.555 -5 -6.728 162.166 0 -5.235 182.93 0 -8.315
2 24 172.555 -5 -6.728 162.166 -5 -5.235
2 24 170.794 -5 -18.599 160.511 -5 -17.12
5 24 170.794 -5 -18.599 170.794 0 -18.599 160.511 -5 -17.12 181.064 -5 -20.169
2 24 170.794 0 -18.599 160.511 0 -17.12
2 24 170.207 0 -22.555 180.441 0 -24.12
5 24 180.441 0 -24.12 180.441 -8 -24.12 170.207 0 -22.555 190.661 0 -25.776
2 24 180.441 -8 -24.12 170.207 -8 -22.555
2 24 181.478 -8 -17.535 171.185 -8 -15.961
5 24 181.478 -8 -17.535 181.478 -16 -17.535 171.185 -8 -15.961 191.757 -8 -19.201
2 24 181.478 -16 -17.535 171.185 -16 -15.961
2 24 182.515 -16 -10.948 172.164 -16 -9.366
5 24 182.515 -16 -10.948 182.515 -8 -10.948 172.164 -16 -9.366 192.853 -16 -12.623
2 24 182.515 -8 -10.948 172.164 -8 -9.366
2 24 183.552 -8 -4.363 173.142 -8 -2.772
5 24 183.552 -8 -4.363 183.552 0 -4.363 173.142 -8 -2.772 193.948 -8 -6.048
2 24 183.552 0 -4.363 173.142 0 -2.772
2 24 182.93 0 -8.315 172.555 0 -6.728
5 24 182.93 0 -8.315 182.93 -5 -8.315 172.555 0 -6.728 185.917 -5 -8.799
2 24 182.93 -5 -8.315 172.555 -5 -6.728
2 24 181.064 -5 -20.169 170.794 -5 -18.599
5 24 181.064 -5 -20.169 181.064 0 -20.169 170.794 -5 -18.599 183.979 -5 -20.641
2 24 181.064 0 -20.169 170.794 0 -18.599
2 24 180.441 0 -24.12 190.661 0 -25.776
5 24 190.661 0 -25.776 190.661 -8 -25.776 180.441 0 -24.12 200.865 0 -27.523
2 24 190.661 -8 -25.776 180.441 -8 -24.12
2 24 191.757 -8 -19.201 181.478 -8 -17.535
5 24 191.757 -8 -19.201 191.757 -16 -19.201 181.478 -8 -17.535 202.02 -8 -20.958
2 24 191.757 -16 -19.201 181.478 -16 -17.535
2 24 192.853 -16 -12.623 182.515 -16 -10.948
5 24 192.853 -16 -12.623 192.853 -8 -12.623 182.515 -16 -10.948 203.174 -16 -14.391
2 24 192.853 -8 -12.623 182.515 -8 -10.948
2 24 193.948 -8 -6.048 183.552 -8 -4.363
5 24 193.948 -8 -6.048 193.948 0 -6.048 183.552 -8 -4.363 204.329 -8 -7.825
2 24 193.948 0 -6.048 183.552 0 -4.363
2 24 185.917 0 -8.799 182.93 0 -8.315
2 24 190.661 0 -25.776 200.865 0 -27.523
5 24 200.865 0 -27.523 200.865 -8 -27.523 190.661 0 -25.776 211.054 0 -29.361
2 24 200.865 -8 -27.523 190.661 -8 -25.776
2 24 202.02 -8 -20.958 191.757 -8 -19.201
5 24 202.02 -8 -20.958 202.02 -16 -20.958 191.757 -8 -19.201 212.267 -8 -22.807
2 24 202.02 -16 -20.958 191.757 -16 -19.201
2 24 203.174 -16 -14.391 192.853 -16 -12.623
5 24 203.174 -16 -14.391 203.174 -8 -14.391 192.853 -16 -12.623 213.48 -16 -16.25
2 24 203.174 -8 -14.391 192.853 -8 -12.623
2 24 204.329 -8 -7.825 193.948 -8 -6.048
5 24 204.329 -8 -7.825 204.329 0 -7.825 193.948 -8 -6.048 214.693 -8 -9.695
2 24 204.329 0 -7.825 193.948 0 -6.048
2 24 200.865 0 -27.523 211.054 0 -29.361
5 24 211.054 0 -29.361 211.054 -8 -29.361 200.865 0 -27.523 221.226 0 -31.291
2 24 211.054 -8 -29.361 200.865 -8 -27.523
2 24 212.267 -8 -22.807 202.02 -8 -20.958
5 24 212.267 -8 -22.807 212.267 -16 -22.807 202.02 -8 -20.958 222.497 -8 -24.747
2 24 212.267 -16 -22.807 202.02 -16 -20.958
2 24 213.48 -16 -16.25 203.174 -16 -14.391
5 24 213.48 -16 -16.25 213.48 -8 -16.25 203.174 -16 -14.391 219.088 -16 -17.313
2 24 213.48 -8 -16.25 203.174 -8 -14.391
2 24 214.693 -8 -9.695 204.329 -8 -7.825
5 24 214.693 -8 -9.695 214.693 0 -9.695 204.329 -8 -7.825 220.388 -8 -10.776
2 24 214.693 0 -9.695 204.329 0 -7.825
2 24 211.054 0 -29.361 221.226 0 -31.291
5 24 221.226 0 -31.291 221.226 -8 -31.291 211.054 0 -29.361 231.38 0 -33.31
2 24 221.226 -8 -31.291 211.054 -8 -29.361
2 24 222.497 -8 -24.747 212.267 -8 -22.807
5 24 222.497 -8 -24.747 222.497 -16 -24.747 212.267 -8 -22.807 232.709 -8 -26.778
2 24 222.497 -16 -24.747 212.267 -16 -22.807
2 24 211.472 -5 -25.372 221.988 -5 -27.364
5 24 221.988 -5 -27.364 221.988 0 -27.364 211.472 -5 -25.372 232.177 -5 -29.391
2 24 221.988 0 -27.364 211.472 0 -25.372
2 24 211.472 0 -25.372 211.472 -5 -25.372
2 24 221.226 0 -31.291 231.38 0 -33.31
5 24 231.38 0 -33.31 231.38 -8 -33.31 221.226 0 -31.291 236.102 0 -34.294
2 24 231.38 -8 -33.31 221.226 -8 -31.291
2 24 232.709 -8 -26.778 222.497 -8 -24.747
5 24 232.709 -8 -26.778 232.709 -16 -26.778 222.497 -8 -24.747 237.403 -8 -27.756
2 24 232.709 -16 -26.778 222.497 -16 -24.747
2 24 221.988 -5 -27.364 232.177 -5 -29.391
5 24 232.177 -5 -29.391 232.177 0 -29.391 221.988 -5 -27.364 236.883 -5 -30.371
2 24 232.177 0 -29.391 221.988 0 -27.364
2 24 238.064 -5 -24.432 236.883 -5 -30.371
2 24 236.883 -5 -30.371 232.177 -5 -29.391
2 24 -234.039 -16 -20.244 -238.704 -16 -21.215
2 24 -238.704 -16 -21.215 -238.064 -16 -24.432
2 24 -234.039 -8 -20.244 -238.704 -8 -21.215
2 24 -238.704 -8 -21.215 -238.704 -16 -21.215
2 24 -240.004 -8 -14.677 -238.704 -8 -21.215
2 24 -235.369 -8 -13.712 -240.004 -8 -14.677
2 24 -235.369 0 -13.712 -240.004 0 -14.677
2 24 -240.004 0 -14.677 -240.004 -8 -14.677
2 24 -234.571 0 -17.632 -239.224 0 -18.601
2 24 -239.224 0 -18.601 -240.004 0 -14.677
2 24 -234.571 -5 -17.632 -239.224 -5 -18.601
2 24 -239.224 -5 -18.601 -239.224 0 -18.601
2 24 -238.064 -5 -24.432 -239.224 -5 -18.601
2 24 -238.064 -16 -24.432 -218.448 -16 -20.53
2 24 -218.448 -5 -20.53 -238.064 -5 -24.432
2 24 -211.054 -8 -29.361 -216.486 -8 -30.392
2 24 -216.486 -8 -30.392 -216.486 0 -30.392
2 24 -216.486 0 -30.392 -211.054 0 -29.361
2 24 -212.267 -8 -22.807 -217.787 -8 -23.854
2 24 -217.787 -8 -23.854 -216.486 -8 -30.392
2 24 -212.267 -16 -22.807 -217.787 -16 -23.854
2 24 -217.787 -16 -23.854 -217.787 -8 -23.854
2 24 -218.448 -16 -20.53 -217.787 -16 -23.854
2 24 -211.472 0 -25.372 -217.267 0 -26.468
2 24 -217.267 0 -26.468 -217.267 -5 -26.468
2 24 -211.472 -5 -25.372 -211.472 0 -25.372
2 24 -216.486 0 -30.392 -217.267 0 -26.468
2 24 218.448 -16 -20.53 219.088 -16 -17.313
2 24 219.088 -16 -17.313 213.48 -16 -16.25
2 24 219.088 -16 -17.313 219.088 -8 -17.313
2 24 219.088 -8 -17.313 213.48 -8 -16.25
2 24 219.088 -8 -17.313 220.388 -8 -10.776
2 24 220.388 -8 -10.776 214.693 -8 -9.695
2 24 220.388 -8 -10.776 220.388 0 -10.776
2 24 220.388 0 -10.776 214.693 0 -9.695
2 24 220.388 0 -10.776 219.608 0 -14.699
2 24 219.608 0 -14.699 213.612 0 -13.565
2 24 219.608 0 -14.699 219.608 -5 -14.699
2 24 219.608 -5 -14.699 213.612 -5 -13.565
2 24 213.612 -5 -13.565 213.612 0 -13.565
2 24 219.608 -5 -14.699 218.448 -5 -20.53
2 24 211.472 -5 -25.372 213.612 -5 -13.565
2 24 238.064 -16 -24.432 218.448 -16 -20.53
2 24 218.448 -5 -20.53 238.064 -5 -24.432
2 24 236.102 0 -34.294 236.102 -8 -34.294
2 24 236.102 -8 -34.294 231.38 -8 -33.31
2 24 231.38 0 -33.31 236.102 0 -34.294
2 24 236.102 -8 -34.294 237.403 -8 -27.756
2 24 237.403 -8 -27.756 232.709 -8 -26.778
2 24 237.403 -8 -27.756 237.403 -16 -27.756
2 24 237.403 -16 -27.756 232.709 -16 -26.778
2 24 237.403 -16 -27.756 238.064 -16 -24.432
2 24 236.883 -5 -30.371 236.883 0 -30.371
2 24 236.883 0 -30.371 232.177 0 -29.391
2 24 236.883 0 -30.371 236.102 0 -34.294
2 24 -182.93 0 -8.315 -185.917 0 -8.799
2 24 -185.917 -5 -8.799 -185.917 0 -8.799
2 24 -182.93 -5 -8.315 -185.917 -5 -8.799
2 24 -183.979 -5 -20.641 -185.917 -5 -8.799
2 24 -181.064 -5 -20.169 -183.979 -5 -20.641
2 24 -181.064 0 -20.169 -183.979 0 -20.641
2 24 -183.979 0 -20.641 -183.979 -5 -20.641
2 24 185.917 -5 -8.799 182.93 -5 -8.315
2 24 185.917 0 -8.799 185.917 -5 -8.799
2 24 183.979 -5 -20.641 181.064 -5 -20.169
2 24 185.917 -5 -8.799 183.979 -5 -20.641
2 24 183.979 -5 -20.641 183.979 0 -20.641
2 24 183.979 0 -20.641 181.064 0 -20.169
2 24 -4 0 5.988 -4 0 -6.012
2 24 4 0 5.988 4 0 -6.012
2 24 185.917 0 -8.799 183.979 0 -20.641
2 24 193.813 0 -10.083 191.876 0 -21.925
2 24 191.876 -5 -21.925 191.876 0 -21.925
2 24 193.813 0 -10.083 193.813 -5 -10.083
2 24 193.813 -5 -10.083 191.876 -5 -21.925
2 24 205.739 -5 -12.145 203.599 -5 -23.952
2 24 203.599 -5 -23.952 191.876 -5 -21.925
2 24 193.813 -5 -10.083 205.739 -5 -12.145
2 24 203.599 0 -23.952 203.599 -5 -23.952
2 24 205.739 -5 -12.145 205.739 0 -12.145
2 24 205.739 0 -12.145 203.599 0 -23.952
2 24 213.612 0 -13.565 211.472 0 -25.372
2 24 203.599 0 -23.952 191.876 0 -21.926
2 24 193.813 0 -10.083 205.739 0 -12.145
2 24 -213.612 0 -13.565 -211.472 0 -25.372
2 24 -205.739 0 -12.145 -203.599 0 -23.952
2 24 -203.599 -5 -23.952 -203.599 0 -23.952
2 24 -205.739 0 -12.145 -205.739 -5 -12.145
2 24 -205.739 -5 -12.145 -203.599 -5 -23.952
2 24 -193.813 -5 -10.083 -193.813 0 -10.083
2 24 -193.813 0 -10.083 -191.876 0 -21.925
2 24 -191.876 0 -21.925 -191.876 -5 -21.925
2 24 -191.876 -5 -21.925 -193.813 -5 -10.083
2 24 -191.876 -5 -21.926 -203.599 -5 -23.952
2 24 -205.739 -5 -12.145 -193.813 -5 -10.083
2 24 -185.917 0 -8.799 -183.979 0 -20.641
2 24 -191.876 0 -21.926 -203.599 0 -23.952
2 24 -205.739 0 -12.145 -193.813 0 -10.083
2 24 218.448 -16 -20.53 218.448 -5 -20.53
2 24 238.064 -16 -24.432 238.064 -5 -24.432
2 24 -238.064 -5 -24.432 -238.064 -16 -24.432
2 24 -218.448 -5 -20.53 -218.448 -16 -20.53
